,titles,category,summary
0, 자막  오란고교 사교클럽,일상,엄청난 부잣집 자제들이 다니는 명문 오란고교에 특대생으로 입학하게 된 서민 후지오카 하루히  어느 날  조용히 공부할 곳을 찾던 하루히는 우연히  사교클럽  부실에 들어가게 되고     만엔 짜리 꽃병을 깨는 바람에 사교클럽에 빚을 갚아야 하는 신세가 된다  그러던 중 사교클럽 부장 타마키가  지명 손님    명을 모으면 빚을 없던 걸로 해주겠다 는 제안을 하고  하루히는  번째 사교클럽 멤버로서 여학생들을 대접하게 되는데 
1,카구야 님은 고백받고 싶어  천재들의 연애 두뇌전   기,일상,집안도 인망도 좋다   장래가 기대되는 우수한 수재들이 모인 슈치인 학원   그 학생회에서 만난 부회장 시노미야 카구야와 회장 시로가네 미유키는 서로에게 끌리고 있을 터였지만  아무 일도 없는 채로 반년이 경과   프라이드가 강하고 솔직하지 못한 두 사람은  귀찮게도  어떻게 상대방에게 고백을 받아낼 것인가  만을 생각하게 되어버렸다   연애는 성취될 때까지가 즐겁다   신감각  두뇌전  러브코미디 개전  
2,코바야시네 메이드래곤,일상,평범한 회사원인 코바야시는 다쳐서 움직이기 어려운 드래곤을 우연히 발견한다  코바야시는 갈 곳도 없던 드래곤의 사정을 알게 되어 치료를 해주고 집에서 함께 살게 한다  그렇게 집에 들어온 드래곤은 메이드가 되어 집안일을 하는데     코바야시와 메이드 드래곤의 일상 이야기 
3,코바야시네 메이드래곤 S,일상,엉망진창 드래곤 메이드가 다시 돌아온다  엉뚱한 계기로 코바야시의 집에서 메이드로서 일하게 된 드래곤 토르  제일 좋아하는 코바야시 씨에게 가끔 거짓말  엄청  폐를 끼치면서도 어떻게든 인간 사회에 적응해서 멋지게 거짓말  그럭저럭  메이드로서 일하고 있었다  같은 드래곤인 칸나  르코아  파프니르  엘마도 각자 보금자리를 발견해서 인간들과 이종 간의 커뮤니케이션을 만끽하고 있었다  그렇게 느긋하지만 때로는 격동적인 나날을 보내던 중  코바야시에게 새로운 드래곤의 위협이 다가오는데 
4,카구야 님은 고백받고 싶어  천재들의 연애 두뇌전   기,일상,집안도 인품도 좋다   장래를 기대 받고 있는 수재가 모인 슈치인 학원   그 학생회에서 만난 부회장 시노미야 카구야와 회장 시로가네 미유키는 서로 끌리고 있었지만    아무것도 없이 반년이 지났다   프라이드가 높아 솔직해지지 못하는 두 사람은  아주 귀찮게도  어떻게 상대방을 고백 시키느냐 만 생각하게 되어 버렸다   연애는 성취하기까지가 즐겁다   신감각 두뇌전 러브 코미디 개전  
5,슈퍼 시크릿,일상,평범한 여대생 은호와 조금 특별한 소꿉친구 견우의 술래잡기  은호만 모르는 이웃집의 비밀들이 밝혀지는데   유명 웹툰 원작  슈퍼 시크릿  오직 라프텔에서만 만나보실 수 있습니다 
6,다 다 다 ,일상,어느 날 갑자기 부모님이 모두 미국     로 파견되면서 중학생인 예나는 평소 부모님이 잘 알고 지내던 절에 맡겨지게 된다  그리고 스님의 아들인 우주와 목욕탕에서 마주치며 심상치 않은 첫 만남을 갖는다  그런데 설상가상으로 평상시에 잘 나지도 않는 수행 허가로 인해 스님은 수행을 떠나버려 결국 절에는 예나와 우주 둘만 남게 된다  처음부터 사이가 좋지 않아 티격태격하던 두 사람 앞에 갑작스레 집마당에    가 불시착하고  그 안에서 공중을 떠다니는 아기가 발견된다  두 사람은 시터 팻 바바에게서 아기의 이름이 루다라는 얘기를 듣게 되는데 
7,월간순정 노자키 군,일상,노자키를 좋아해왔던 사쿠라는 용기를 내서 자신의 마음을 고백한다  그러나 사쿠라의 말의 의미를 잘못 받아들인 노자키는 자신의 필명이 적힌 사인을 선물하고 어시스턴트로서 그녀를 집으로 데려오는데   
8,카구야 님은 고백받고 싶어  울트라 로맨틱 ,일상,수재들이 모이는 엘리트 학교  슈치인 학원 그곳 학생회에서 만난 부회장 시노미야 카구야와 학생회장 시로가네 미유키 누구나 어울린다고 인정하는 두 사람의 천재는 금세 이뤄질 거라 생각됐으나 지나치게 높은 프라이드 탓에 서로 고백조차 하지 못한 상태였다   어떻게 해서 상대에게 고백을 끌어낼까  연애 두뇌전에 온갖 지략을 다 써온 역전의 두 사람은 각자 마음속으로 어떠한 결심을 굳힌다  슈치인 고등부 문화제  봉심제  마지막 날까지 두 사람의 연애 상황은 크게 움직이게 되는가  사랑이 천재를 바보로 만든다   신감각  두뇌전   울트라 로맨틱한 러브 코미디 또다시 시동 
9,진정한 동료가 아니라고 용사 파티에서 쫓겨났기 때문에  변경에서 슬로우 라이프 하기로 했습니다,일상, 너는 진정한 동료가 아니다   최전방 전투에서 따라갈 수 없게 되어버린 영웅 레드는 동료 현자에게 전력 외를 선고받고 용사의 파티에서 쫓겨나고 만다   하아 그때는 많이 힘들었지    레드가 빠진 것으로 현자들이 대 패닉에 빠져 있는 줄은 모르고   정작 본인은 변경의 땅에서 약초점을 개업하려고 두근두근 하며 지내고 있었지만     나도 이 가게에서 일해도 될까   더부살이로   갑자기 예전 동료인 공주가 집까지 찾아왔는데     한가로이 즐거운 약방 경영    말괄량이 공주와의 꽁냥꽁냥 생활   보답받지 못한 영웅의 멋진 제   의 인생이 시작된다
10, 더빙  짱구는 못말려   ,일상,예쁜 누나와 초코비를 좋아하는  살 짱구와 살인적인 발 냄새를 가진 아버지 그리고 세일과 미남을 좋아하는 엄마  귀여운 여동생 짱아와 강아지 흰둥이와 함께 행복한 나날을 보내고 있는 평범하지만 신나는 가족의 일상을 그린 애니메이션 
11,신들에게 주워진 남자,일상,악덕 기업에서 시스템 엔지니어로서 일하는   세 독신 샐러리맨 타케바야시 료마는 홀로 아파트에서 어이없는 죽음을 맞이한다  천계로 올라간 료마였지만  창조신  사랑의 여신  생명의 신의 도움을 받아 어린아이의 모습으로 이세계로 전생   깊은 숲에서 혼자 느긋하게 살기 시작한  살의 료마는 마법으로 길들인 슬라임들과의 연구에 몰두하면서 새로운 생활을 즐긴다  다정한 사람들에게 둘러싸인 매일이 즐거운 한가로운 이세계 슬로 라이프 판타지 
12,귀엽기만 한 게 아닌 시키모리 양,일상, 최고로  멋있는 그녀 가 나타났다  불행한 체질인 남고생 이즈미 군의 여자친구는 동급생인 시키모리 양  웃는 모습이 멋지고 상냥하며 이즈미와 함께 있을 때는 언제나 행복해 보였다  가련하면서 귀여우며  평소에 애정이 가득한 그녀이지만 이즈미가 위기에 처하거나 할 땐  최고로 멋있는 그녀로 대변신  귀여움 멋있음이 넘쳐흐르는 시키모리와 이즈미를 비롯한 친구들의 즐거운 일상이 멈추지 않는다  고귀함       러브 코미디  드디어 스타트 
13,바라카몬,일상, 우선  손님은 현관으로 들어오라구   어떤 이유로 인해 일본의 가장 서쪽 끝 섬에서 살게 된 젊은 꽃미남 서예가  한다 세이슈   익숙지 않은 시골 생활을 시작한 선생님 앞에 천진난만한 섬 어린이 나루가 나타난다   젠장  어떻게 생겨먹은 정보망이냐      어느새 자택이 동네 꼬마들의 아지트가 되어있질 않나  요상한 소문이 하루 만에 온 동네에 쫙 퍼지질 않나  익숙지 않은 시골 생활에 고생하는  한다 세이슈   도시에서 자란 츤데레 선생님과 그릇이 커도 너무나 큰 섬사람들이 펼치는 하트 히트 아일랜드 코미디  이곳이라면 세이슈도 아주 조금은 솔직해질 수 있지 않을까 
14,에미야 가의 오늘의 밥상,일상,조금은 복작대는 식탁 풍경  봄에도  여름에도  가을에도  겨울에도 에미야 씨네 밥상에는 매일같이 맛있는 요리가 차려진다  자 그럼  오늘은 뭘 만들면 좋을까 
15,건어물 여동생 우마루짱,일상,용모단정  성적우수  스포츠 만능  누구나 동경하는 완벽한 여고생 도마 우마루  하지만 집에 돌아가면 건어물녀가 된다   만화  애니  게임  인터넷  콜라  포테이토칩  좋아하는 것에 둘러싸여 지내는 최고의 빈둥빈둥 타임  그런 모습을 아는 건 같이 사는 오빠 타이헤이뿐이다  타이헤이에 이어  같은 반 에비나  키리에  실핀포으로 구성된  우마루의 최강 최고 파라다이스 일상이 시작된다       
16,이세계 식당,일상,직장가와 인접한 상점가 한구석  강아지 간판이 눈에 띄는 상가 빌딩 지하  층에 그 가게가 있다  고양이가 그려진 문이 표식인 식당  양식당 네코야   창업한 이래   년간 직장가 샐러리맨의 배고픔을 달래 온 곳으로  양식당이라지만 양식 이외의 메뉴도 풍부하다는 점이 특징이라면 특징인 지극히 평범한 식당이다  그러나  어떤 세계  사람들에게는 특별하고 유일무이한 공간으로 탈바꿈한다  네코야에는 한 가지 비밀이 있다  정기 휴일인 매주 토요일  네코야는  특별한 손님 들로 북적거린다  경이로운 맛의 특별한 요리를 내놓는 네코야는  어떤 세계 사람들에게 이렇게 불린다  이세계 식당   그리고 딸랑딸랑 방울 소리는 이번 주에도 변함없이 울려 퍼진다 
17,미이라 사육법,일상,아버지가 보낸 소포 속에   미이라가   미이라와 함께 하는 유유자적한 생활이 시작됩니다 
18,데스마치에서 시작되는 이세계 광상곡,일상,한창 데스마치를 치르던 프로그래머 스즈키 이치로       사토 란 닉네임을 쓰는 그가 잠시 잠들었다 깨어나 보니 듣도 보도 못한 이세계에 방치되어 있었다  혼란에 빠질 틈도 없이 눈앞에는 처음 보는 괴물의 대군이 다가오고  하늘에서는 유성우가 쏟아진다  정신을 차리고 보니  최강 레벨의 힘과 막대한 부를 손에 넣었는데     이렇게 사토의  유유자적  가끔 시리어스  그리고 하렘 인 이세계 모험담이 시작된다  
19,이세계 식당  기,일상, 어서 오세요  감사합니다  양식당 네코야입니다    아렛타와 쿠로가 일하고 있는  양식당 네코야 는 고양이가 그려진 간판이 표식이다  언뜻 일본의 어디에나 있을 법한 보통의 식당이지만  일에 한 번  특별 영업 을 하는 토요일이 되면 이세계의 여러 장소로 문이 이어진다  문을 열고 오늘도 여러  저쪽 세계 의 손님들이 찾아와서 일품 요리를 맛보고 돌아간다  식당에 모인 사람들과 요리의 소중한 인여늘 그리는 이야기  따뜻한 만남의 문이 다시 한번 이어집니다 
20, 등분의 신부  ,일상,낙제 직전에다 공부를 싫어하는 미소녀 다섯 쌍둥이를 아르바이트 가정교사로서 졸업 전까지 가르치게 된 후타로  수련회에서 겪은 여러 사건을 통해 서로 간의 신뢰가 더 깊어진 후타로와 다섯 쌍둥이  그리고 이번에야말로 다섯 쌍둥이의 낙제점을 회피하기 위해 가정교사 업무에 매진하려고 하자마자 트러블이 속출한다  게다가 후타로의 첫사랑 상대인  사진 속 여자애 가 나타나      후타로와 다섯 쌍둥이의 새로운 시험의 막이 오른다  
21, 더빙  짱구는 못말려   ,일상,예쁜 누나와 초코비를 좋아하는  살 짱구와 살인적인 발 냄새를 가진 아버지 그리고 세일과 미남을 좋아하는 엄마  귀여운 여동생 짱아와 강아지 흰둥이와 함께 행복한 나날을 보내고 있는 평범하지만 신나는 가족의 일상을 그린 애니메이션 
22,사카모토입니다만 ,일상,이제 병맛도 스타일리시하게   당신은 이미 사카모토에게 흔들리고 있다       년 상반기를 뜨겁게 달군 화제의 개그물  일본뿐만 아니라 국내에서도 만화 독자들 사이에 많이 회자되고 있는 작품이다  너무나 쿨하고 황당한  차원 캐릭터 사카모토를 둘러싼 학원 일상 개그물  그림체의 진지함과는 전혀 다른 반전 임팩트가 매력이다  스타일리시한 등교  화려한 지각 회피  스마트한 런치 타임  사카모토  그의 엣지 넘치는 행동거지 하나하나가 여학생들의 마음을 두근거리게 만든다  이런 사카모토가 꼴 보기 싫은 학교 일진들은 그를 골탕 먹이려 하지만  어느새 그의 쿨 함에 교화되고 동성애의 눈마저 뜨고 마는데   
23, 자막  일하는 세포,일상,이것은 나의 몸 이야기  나의 몸 속의 이야기  사람의 세포 수는 약   조개  세포들은 몸의 세계 중심에서  오늘도 치열하게 일한다  혈액을 움직이는 적혈구  세균과 싸우는 백혈구   그리고 우리가 모르는 사이에도 열심히 움직이는 세포들의 이야기 
24,즐겁게 놀아보세,일상,우등생 같은 외모와 달리 오르지 않는 영어 점수에 고민이 많은 여중생  노무라 카스미 는 어릴적 부터 언니와의 내기 놀이에서 항상 지기만 하던 트라우마로 인해 놀이 자체를 기피 하고 있다  그러던 중  전학을 온 미국인 유학생 올리비아와 혼다 하나코가  참참참 놀이 를 하는 모습을 보 고 미국인인 올리비아에게 영어를 배울 속셈으로 그들과 엮여 놀이에 빠지게 된다  그러나 사실  올리비아는 일본에서 태어나고 자란 탓에 영어는 카스미만큼이나 성적이 좋지 못했다  결국 카스 미가 만들려던 영어 연구회는 놀이를 연구하는  놀이인 연구회 약칭 놀연  로 바뀌어 버리는데  얼굴 값 못하는 세 명의 미소녀들의 초현실 놀이 개그쇼 
25, 등분의 신부,일상,가난한 생활을 보내는 고등학생  학년 우에스기 후타로에게 좋은 조건의 가정교사 아르바이트 이야기가 들아온다  그런데 가르칠 대상은 놀랍게도 동급생   그것도 다섯 쌍둥이였다   전원 미소녀  하지만  낙제 직전    공부가 싫다 는 문제아  첫 과제는 자매로부터 신뢰를 얻어내는 것    매일이 야단법석  나카노   다섯 쌍둥이가 만들어내는 귀여움     의  인  색 러브코미디 개막  
26,나츠메 우인장  기,일상,요괴를 볼 수 있다는 비밀을 지닌 소년  나츠메는 요괴를 본다는 이유로 어릴 때부터 따돌림을 당해왔다  어느 날  그는 할머니 레이코의 유품인 요괴들의 계약서  우인장      을 입수하게 되는데  우인장에는 할머니 레이코와 승부를 벌이다 패배한 요괴들의 이름이 적혀있었다  그 후로 나츠메는 요괴들에게 쫓기는 처지가 되는데    수호자 야옹 선생님과 함께 요괴들에게 이름을 되돌려 주는 일을 하게 된 나츠메  수상한 계약기담이 시작된다  
27,아하렌 양은 알 수가 없어,일상,몸집이 작고 조용한 여자아이  아하렌 레이나 양  다른 사람과의 거리 조절이 조금 서툴다  그런 그녀의 옆자리에 앉은 라이도는 아하렌 양과의 사이에서 거리감을 느끼고 있었다  어느 날  아하렌 양이 떨어뜨린 지우개를 라이도가 주워 준 것을 계기로 둘 사이의 거리는 갑자기 가까워지는데    너무 멀었다가   너무 가까웠다가  예측 불가능한 아하렌 양  여러 가지 의미로   알 수 없는  밀착 계열  청춘 러브 코미디의 막이 오른다  
28,장난을 잘 치는 타카기 양  기,일상,중학교 같은 반이자 옆자리에 붙어 앉은 니시카타와 타카기 양  하루가 멀다 하고 걸어오는 타카기의 짖궂은 장난에 니시카타는 속수무책  매번 수모를 되갚아주려 해봐도 번번이 실패   두고 봐  오늘에야말로 타카기 양을 골탕 먹여서 그 새빨개진 얼굴을 보고야 말겠어    부끄러워 하는 사람이 지는   은근 달콤 청춘 러브코미디   
29,보이는 여고생,일상,보일 리 없는 것이 보였을 때 보면 안 되는 것을 보았을 때 당신은 어떻게 하시겠습니까        그리고 그것들이 말을 걸어온다면 이쪽을 향해 다가온다면 당신은 어떻게 하시겠습니까        쏜살같이 도망치시겠습니까  이상한 주술을 배우거나 아니면 영매사에게 부탁해서 그것들과 싸우겠습니까  여고생 요츠먀 미코가 선택한 것은    철저한 무시  아무것도 보이지 않는다  보이는 걸 깨닫지 못했다  이것은 여고생이 강철 같은 정신력과 무시하는 스킬을 구사해서 이형의   위험한   존재들을 회피하는 이야기       보이지 않을 뿐 그것들은 당신 주변에도 있습니다  저기 뒤에      
30,정령환상기,일상,슬럼가에서 사는 고아 소년 리오  그는 어느날 갑자기 전생의 기억을 떠올리게 되고  그와 동시에 자신이 강대한 마력을 가지고 있음을 깨닫게 된다  리오는 그 힘을 이용해 유괴된 왕녀를 구하게 되고  그 덕분에 귀족 아이들이 모인 명문학원에 특별 입학하게 되는데   귀족들의 차별과 멸시를 견뎌내고 최강의 기사를 향해  전생의 기억을 되찾은 소년의 새로운 인생이 지금 시작된다  
31,괴롭히지 말아요  나가토로 양,일상,후배 여자애 때문에 울어 버렸어          어느 날 방과 후 가끔 들르는 도서실에서 슈퍼  사디스트  후배에게 찍혔다  선배를 괴롭히고 비난하면서 즐거워하는 그녀의 이름은  나가토로 양   밉지만 사랑스럽고  괴롭지만 곁에 있고 싶다  당신의 내면에서 뭔가가 깨어나는   사디스트 부끄럼 소녀  이야기 
32,케이온   기,일상,부원이 모자라서 폐부 위기에 처한 경음악부에  명의 동갑내기 여고생이 모였다  모두 귀엽디 귀여운 여자아이지만  경음악부 활동 면에서는 그리 믿음직스럽지는 않은데   거기다가  명은 악기나 경음악에 대해서는 전혀 아는 바 없는 초심자   정말 이래도 되는걸까   그래도  자  연주 개시합니다 
33,너와 나의 눈높이,일상,사고뭉치에 눈치 없는 여대생  한미남   미남은 새 학기 첫날  오래 전 부터 만나고 싶었던 초등학교 동창  반민호 와 재회하게 된다  민호는 미남에게 잊지 못할 인생의 은인이었고  미남은 자칭 민호의 마니또가 돼 이런저런 도움을 주며 뿌듯해 한다  그러나 정작 민호는 미남을 만나면서 꼬이는 일이 한 두개가 아니게 된다  그녀가 하는 일이 사사건건 민폐가 되고 있었던 것이다  그렇게 티격태격하며 미운 정이 쌓이던 즈음  학교여신이자 후배인  김혜린 이 민호를 좋아한다고 미남에게 말하게 된다  민호에게 조금씩 이성의 감정이 싹트게 시작할 때 김혜린의 방해로 서로의 감정을 확인하지 못하게 되고  오해만 쌓여만 가는데 
34,타나카 군은 항상 나른해,일상,슬렁슬렁 느릿느릿 굼뜬 인센서티브 청춘 코미디 등장    매일이 어쩐지 나른  한숨  턱 괴기  졸린 듯한 눈     어쩐지 항상 나른한 타나카 군  그런 타나카 군과  그를 내버려두지 못하는 덩치 크고 과묵한 오오타 군이 보내드리는 슬렁슬렁 느릿느릿 굼뜬 인센서티브 청춘 코미디  어느 고등학교 교실 구석  졸린 눈으로 턱을 괴고 있는 고등학생 타나카는 언제나 나른하다  특히 근성이라는 단어와는 절대 인연이 없다  하지만 그런 타나카의 주변은 언제나 떠들썩한데    
35,케이온    기,일상,케이온 기  부원이 모자라서 폐부 위기에 처한 경음악부에  명의 동갑내기 여고생이 모였다  미오  츠무기  유이  리츠는  학년  아즈사는  학년이 되었다   학년이 졸업하고 나면 혼자 남게 되는 아즈사         기가 경음악부의 시작이었다면  기는 경음악부의 끝맺음을 향한다  원작 만화의    권을 애니메이션화 한 것으로  기보다 한층 업그레이드된 음악으로 찾아왔다  
36,쟈히님은 기죽지 않아 ,일상, 마계에서 마왕 다음의  인자로서의 지위를 뽐내던 쟈히 님  마족들의 경외를 받으면서  뭐든지 말하는 대로 이루어지고 사치도 있는 대로 부릴 수 있는 형편 좋은 나날들을 누리고 있었지만  마법소녀의 습격을 받아 인간계로 날려 보내지고 말았다  마력의 근원인 마석이 부서져버려 권력도 미모도 한순간에 사라진 채 쪼끄맣고 귀여운 모습으로 전락해버리고 말았다  빈곤한 생활을 강요받으면서  욕실도 없는 두 평 남짓한 방에서 지내며 요리 주점 아르바이트를 하는 나날들  동정도 집세 독촉도 모두 떨쳐내고  야망은 성대하게  마계 부흥 을 이루는 것 
37,금장의 벨메이유  벼랑 끝 마술사는 최강의 재액과 마법세계를 헤쳐나간다 ,일상,왕립 올티기아 마법학원    소환 마술에 성공하지 못해 유급될 위기에 처한 학생 알트는 우연히 발견한 낡은 소환 마술서에서 본 마법진을 그리고 봉인돼있던 악마 벨메이를 소환해버린다  그녀는 오래전부터 두려움의 대상이었던  악마 이자 재액을 불러오는 강대한 힘을 가지고 있었다  사역마가 된 벨메이에게는 정기적으로 마력을 공급할 필요가 있었고 그 방법은 진한 키스를 하는 것이었다  그런 두 사람의 관계를 질투하는 소꿉친구 리리아  그리고 전대미문의 사역마에 어리둥절해하는 다른 학생들  최강의 사역마와 계약한 알트는 위대한 마법사  플래티넘 스퀘어 를 목표로 한다  벼랑 끝 마술사와 불건전한 악마 누나의 왕도 판타지 개막 
38,네 귀가 보여,일상,고아원에서 자란 비인기 만화가 다이스우는 주위와 교류하지 않는 외롭고 지루한 하루하루를 보내고 있었다  그러나 어느 날  수수께끼의  고양이 귀가 달린 소년  묘의 출현에 의해 다이스우의 생활은 바뀐다  언제나 문제만을 일으키는 묘지만  다이스우의 마음에 지금까지의 고독한 생활에서는 느낄 수 없던  따뜻함 을 채워주었다  고양이 귀 소년 묘와  고독한 비인기 만화가 다이스우의 코미컬한 일상을 그려나가며  묘가 품고 있는 수수께끼의 정체가 점점 밝혀져 나가는 신감각 일상물 
39,건어물 여동생  우마루짱 R   기 ,일상, 밖에서는 모두가 부러워하는 예쁜 여동생이 집에만 돌아왔다 하면 콜라와 갑자칩을 끼고 만화책이나 게임  애니메이션  인터넷서핑으로 뒹굴뒹굴  함께 사는 오빠 타이헤이의 눈을 피해 욕망에 내키는 대로 행동한다  같은 반 친구인 에비나  키리에  실핀과 더 친해지면서 우마루의 일상은 더욱 시끌벅적  우마루의 최강이자 최고인 최상의 파라다이스가 다시 시작된다 
40,유루캠   기,일상,이것도 어느 겨울날의 이야기  야마나시에 사는 여고생 시마 린은 애차를 타고 바로 하마나코로 향한다  섣달그믐에 시작하는 오랜만의 솔로 캠핑  야마나시에서 출발해서 시즈오카의 이와타로  새해를 이와타에서 맞이하고 오늘은  일째  꽤 긴 거리를 운전했지만 왠지 즐겁다  그즈음 들른 해변에서 문득 린은 생각한다   역시 난  솔로 캠핑도 좋아  한편  그런 린의 마음을 아는 나데시코도 새로운 생각을 하게 된다  모두와 함께하는 캠핑은 정말 좋아  요리를 하고 모두가 좋아하면 기뻐  하지만   나도 린처럼 솔로 캠핑을 해 보고 싶어  나데시코와 린  두 사람의 만남에서 시작된 아웃도어 걸즈 스토리의 제 막이 지금 오른다 
41, 더빙  학원 베이비시터즈   판권 부활,일상,비행기 추락 사고로 부모님을 여읜 중학생 류이치와 그의 어린 동생 코타로  모리노미야 학원 이사장은 그런 두 형제의 후견인이 되어주는 대신 한 가지 조건을 내건다  그것은 바로  인원 부족으로 시달리는 모리노미야 학원 베이비시터부에 가입하여 아이 돌보미 일을 하라는 것  지칠 줄 모르는 장난꾸러기 아이들이 펼치는 수많은 사건 사고들  과연 류이치는 이 고난을 이겨내고  어린이들과 잘 어울릴 수 있을까    
42,블렌드 S,일상,주인공 사쿠라노미야 마이카는 선천적으로 눈매가 예쁘지 않아 아르바이트 면접에 붙지 못해서 괴로워하지만  우연한 계기로 찻집을 경영하는 쿠디노와 만나 그의 주선으로 찻집에서 일하게 된다  그 찻집은 사실 웨이트리스가 각각 주어진속성으로 접객하는 찻집으로 마이카는 쿠디노에  도   캐릭터를 맡기를 요청하는데 
43,동거인은 무릎  때때로 머리 위,일상, 난 지금  고양이한테 목숨을 위협받고 있다   미스터리 작가 미카즈키 스바루는  자신만의 상상의 세계를 방해하는 타인을 거북해한다  그런 스바루에게 찾아온 것은  마리의 새끼고양이  고양이의 불가사의한 행동을 보고 있는 와중에  소설의 소재가 떠오르는데    일상의 사소함이 겹겹이 쌓이며  우리들은  가족 이 되어간다   서툰남자 한 마리의 새끼고양이  둘이서 찾아가는 행복한 생활
44,나에게 천사가 내려왔다 ,일상,대인공포증이 심한 오덕계 여대생 호시노 미야코  미야코에게는 초등학교  학년이자 미야코를 잘 따르는 여동생 히나타가 있다  그리고 어느날  히나타가 같은 반 친구인 시로사키 하나를 집에 초대해 데려왔다  그런데 하나짱    완전 내 타입이다  마치 나에게 천사가 내려온 것처럼 귀여운 하나짱  미야코는 하나짱과 친구가 될 수 있을 것인가 
45,유루캠   기   판권 부활,일상,이것은 어느 겨울날의 이야기  시즈오카에서 야마나시로 전학 온 여고생 나데시코는  천 엔 지폐에 그려진 후지산 을 보기 위해 자전거를 타고 모토스코까지 왔지만 안타깝게도 날씨는 흐림이었다  후지산도 보지 못하고 지친 나데시코는 그 자리에서 잠이 들어 버린다  정신을 차려 보니 어느새 밤이었다  낯선 장소에 돌아가는 길이 어디인지도 모른다  불안함에 떨던 나데시코를 구원한 것은 솔로 캠핑을 좋아하는 여자아이 시마 린이었다  언 몸을 녹이기 위해 모닥불 앞에 앉는 두 사람  파직파직 하고 장작이 갈라지는 소리가 호숫가의 정적 속으로 스며든다  모닥불가에 앉아 카레면을 먹으며 이야기하는 나데시코와 린  이윽고 두 사람이 기다리고 기다리던 순간이 찾아온다   보인다       후지산        나데시코와 린 두 사람의 만남에서 시작되는 아웃도어 걸즈 스토리    
46,장난을 잘 치는 타카기 양  기,일상, 장난 으로 좁혀져 가는 두 사람의 거리      년 지켜보고 싶은 첫사랑이 여기에 있다  어느 중학교  옆 자리가 된 소녀 타카기양에게 여러가지 장난을 당하는 소년 니시카타  타카기양을 놀려주려고 대책을 짜도 언제나 타카기 양에게 간파 당해 버린다  어떻게든 타카기양을 놀래어 당황하게 만들기 위해 분투하는 나날    변하는 것은 계절 뿐만 아니라 니시카타의 마음에도    한편  우세하게 보였던 타카기 양에게도 동요되는 사태가     빈틈을 볼 것인가  빈틈을 보일 것인가  히죽 설렘 지수     의  장난 배틀   드디어 최종 라운드에     
47,가브릴 드롭아웃,일상,가브릴은 천계의 천사학교를 수석으로 졸업하고 인간계에 내려와서 고등학교를 다니며 인간들을 바른길로 인도하겠다는 사명을 가지고 있었다  처음에는 여러가지 봉사활동을 하며 자신의 사명을 잘 수행하는 듯 싶었지만 우연히 게임에 빠져 폐인이 되어버렸다  학교에도 제대로 나가지 않고 집은 쓰레기 더미로 꽉 차있는 등 가장 타락한 천사가 되어버렸는데     
48,왕실교사 하이네,일상,작다고 얕보지 말길  이몸은 왕실 전속 가정교사  하이네  님이다   왕자님 전속 가정교사  왕실교사 를 맡게 된 하이네  가르칠  명의 왕자는 개성이 너무 넘쳐나  안하무 인 격이다  작은 체구에 귀엽게 생긴 외모의 하이네를 왕자들은 대번에 무시하지만  이성적이고 핵심을 찌르는 하이네의 언변과 추진력에 조금씩 감화돼 간다  골치 아픈  명의 왕자들과 진지하게 대면하며 함께 공부하고  함께 걸어가고  함께 성장하는 왕실 코미디 
49,도우미 여우 센코 씨,일상,악덕 기업에 다니는 나카노는 매일 늦게 퇴근해 집에서 잠만 자고 다시 회사로 향하는 반복된 일상에 지쳐있다  그런 나카노의 앞에 나타난 것이 바로 여우 신선인 센코였다  센코는 식사  빨래 등 가사전반을 도와주며 피곤에 찌든 나카노에게 행복함을 느끼게 해주려 하는데     갑자기 시작된 센코 씨와 나카노의 동거  현대사회의 지친 모든 이들을 치유하기 위한  보살핌과 응석 어린 코미디가 시작된다 
50, 더빙  짱구는 못말려   ,일상,짱구네 집은 오늘도 평범하지만 신나는 하루   예쁜 누나와 초코비를 좋아하는  살 짱구와 살인적인 발냄새를 가진 아버지 그리고 세일과 미남을 좋아하는 엄마  귀여운 여동생 짱아와 강아지 흰둥이와 함께 행복한 나날을 보내고 있다  사고뭉치 짱구 때문에 하루도 조용한 날이 없지만  끈끈한 가족애로 재미있는 하루를 보내고 있다 
51,나츠메 우인장  기,일상,요괴를 볼 수 있다는 비밀을 지닌 소년  나츠메  그는 할머니 레이코의 유품인 요괴들의 계약서   우인장 을 입수한 뒤로는  요괴들에게 쫓기는 처지가 된다  수호자 야옹 선생님과 함께 요괴들에게 이름을 되돌려 주는 일을 하게 된 나츠메는  
52,나츠메 우인장  기,일상,요괴를 볼 수 있는 주인공 나츠메가 할머니의 유품인  우인장 을 물려받은 후  나츠메와 우인장을 지켜주는 냥코선생과 함께 우인장에 이름이 적인 요괴들에게 이름을 돌려주는 나날을 보낸다  다양한 요괴와 사람들과의 새로운 만남과 인연만큼이나 함께 늘어나가는 소중한 것들을 지키기 위해 나츠메와 조금씩 용기를 내 또 다른 만남을 위해 나아간다 
53, 더빙  짱구는 못말려   ,일상,짱구는 상식을 넘어서는 최고 장난꾸러기이다  짱구는 오늘도 어린이다운 발상과 탐구정신에 불타오르며 어린이스럽지 않은 언어구사능력과 화려한 댄스를 추며 엄마  아빠  주변 인물들을 경악시키는데     늘 말썽을 일으키는 짱구 때문에 엄마와 아빠는 늘 맘 고생을 하지만 그런 짱구의 말썽으로 가족애는 더욱 끈끈해진다  평범한 듯 소란스러운 짱구 가족의 이야기 
54,나를 좋아하는 건 너뿐이냐,일상,질문  만약  관심 있는 사람이 데이트를 신청하면 어떡할래  게다가 상대는 한 명이 아니라 쿨한 미인 코스모스 선배와 귀여운 소꿉친구 히마와리 까지 동시에 두 명   물론  의기양양하게 약속 장소로 가겠지  그리고 그곳에서 듣게 되는  고백 은 
55,나츠메 우인장  기,일상, 년 만에 애니화된 나츠메 우인장  기  요괴를 볼 수 있다는 비밀을 지닌 소년  나츠메는 요괴를 본다는 이유로 어릴 때부터 따돌림을 당해왔다  어느 날  그는 할머니 레이코의 유품인 요괴들의 계약서  우인장      을 입수하게 되는데  우인장에는 할머니 레이코와 승부를 벌이다 패배한 요괴들의 이름이 적혀있었다  그 후로 나츠메는 요괴들에게 쫓기는 처지가 되는데    수호자 야옹 선생님과 함께 요괴들에게 이름을 되돌려 주는 일을 하게 된 나츠메  수상한 계약기담이 시작된다  
56,귀여우면 변태라도 좋아해 주실 수 있나요 ,일상,여자친구 없는 기간   연령인 평범한 고등학생  키류 케이키에게 갑작스럽게 날아든 러브레터  드디어 여자친구가 생긴다는 기쁨도 잠시  보낸 사람의 이름이 없다  게다가 어째서인지 새하얀 팬티가 들어 있는데  그의 주변을 둘러싼 귀여운 여자아이들이 모두 수상한 데다  조금은 사연이 있는 분위기다  과연  팬티를 떨어뜨린 신데렐라 는 누구인가  수수께끼가 수수께끼를 부르고  변태마저 불러버린다  신감각 변태가 나오는 러브코미디가 시작된다  뭐  그런 건 아무래도 상관없겠지  어쨌든 발신인을 이  명 중에서 찾아내야 해  기다려라  미래의 나의 여자친구   그리고 다음 날  나는 그 날의 덧없는 기쁨을 후회하게 된다
57,남자 고교생의 일상,일상,남자 고등학생은 바보다  사나다 북 고등학교 남고 에 다니고 있는 타다쿠니  히데노리  요시타케의  인방은 방과 후에 시시껄렁한 놀이를 즐기는 평범한 고등학생이다  그들을 중심으로 펼쳐지는 진지하고 우스꽝스러운 나날들  미워하려야 미워할 수 없는 매력을 가진 남자 고등학생들의 포복절도 일상이 지금 시작한다 
58,BanG Dream   nd Season,일상,고등학교  학년이 된 카스미와              멤버들  학생회나 가계 돕기  학원이나 알바로 바빠지고   명이 함께 있을 수 있는 시간이 줄어들어  거점인 아리사네 창고에도 좀처럼 모이지 못하게 된다  그런 그녀들 앞에 한 소녀가 나타났고     새로운 만남  변하지 않는 인연                                       헬로  해피 월드  도 등장하여  개성 넘치는 밴드 멤버들이 반짝거리고 두근거리는 스테이지를 보여줍니다   다시  다 같이 라이브를 하고 싶어  음악 꿈 이 지금  달리기 시작한다 
59,이웃집 흡혈귀 씨,일상,아마노 아카리는 깊은 숲 속에서 서양식 저택을 찾고 있었다  그곳에는 오랫동안 모습이 변하지 않는 인형 소녀가 살고 있다고 한다  하지만  숲 속에서 길을 잃어 버리고  갑자기 나타난 소피라는 소녀의 도움을 받는다  소피는 자신을 흡혈귀라고 소개하는데 
60,나츠메 우인장  기,일상,외할머니 레이코의 유품  요괴들을 부릴 수 있는 계약서  우인장      을 물려받아 요괴들에게 이름을 돌려주는 나날을 보내는 소년 나츠메  어렸을 때 부터 다른 사람들 눈에는 보이지 않는 것들을 보면서 우울한 시간을 보냈던 나츠메  나츠메는 후지와라 부부와 친구들과 점차 거리가 가까워지며 밝은 모습을 찾아간다  그러던 어느 날  나츠메는 눈 앞에서 재앙을 알리는 요괴 카게쟈완을 목격한다   기와 비교하면 더 잘생겨진    나츠메를 볼 수 있는 나츠메 우인장  기 
61,아케비의 세일러복,일상,무대는  시골의 명문 여학교 사립 로우바이 학원  어떤 계기로 이 학원의 세일러복을 입는 것이  꿈 이었던 소녀  아케비 코미치  소원을 이루어 설렘과 함께 입학식 당일을 맞이했지만     저는 세일러복을 입을래요  굳게 결심하고  꿈의 중학교 생활이 시작된다  반 친구들  급식  부활동   모든 게  처음 인 매일에 코미치는 최선을 다해 즐긴다  소녀들의  반짝반짝 빛나는 청춘 일기   친구가 많이 생길까  
62, 더빙  짱구는 못말려   ,일상,짱구네 집은 오늘도 평범하지만 신나는 하루   예쁜 누나와 초코비를 좋아하는  살 짱구와 살인적인 발냄새를 가진 아버지 그리고 세일과 미남을 좋아하는 엄마  귀여운 여동생 짱아와 강아지 흰둥이와 함께 행복한 나날을 보내고 있다  사고뭉치 짱구 때문에 하루도 조용한 날이 없지만  끈끈한 가족애로 재미있는 하루를 보내고 있다 
63,한다 군   판권 부활,일상,유명 서예가 한다 세이메이의 아들로서  고등학생임에도 불구하고 서예의 길을 걷고 있는 한다 세이  학교 사람들은 한다를  그 누구에게도 다가가지 않으며 고독함을 씹고 있는 한 마리의 고고한 늑대 라고 생각하고 있지만  사실 본인은  학교 사람들에게 미움받는 게 아닌가    라고 착각을 하고 있었는데    착각과 의심암귀로부터 시작하는 네거티브 청춘 개그 코미디가 지금 시작한다 
64, 더빙  짱구는 못말려   ,일상,짱구네 집은 오늘도 평범하지만 신나는 하루   예쁜 누나와 초코비를 좋아하는  살 짱구와 살인적인 발냄새를 가진 아버지 그리고 세일과 미남을 좋아하는 엄마  귀여운 여동생 짱아와 강아지 흰둥이와 함께 행복한 나날을 보내고 있다  사고뭉치 짱구 때문에 하루도 조용한 날이 없지만  끈끈한 가족애로 재미있는 하루를 보내고 있다 
65,나츠메 우인장  기,일상,요괴를 볼 수 있는 소년  나츠메는 할머니 레이코의 유품인 요괴들의 계약서   우인장      을 입수한 뒤로 요괴들에게 쫓기는 처지가 된다  수호자 야옹 선생님과 함께 요괴들에게 이름을 되돌려 주는 일을 하게 된 나츠메  수상한 계약기담의  기가 시작된다   친구들과 함께 별똥별을 보러 가기로 한 나츠메  그러나 동방의 숲에서 찾아온 요괴가 나츠메의 우인장을 노린다  나츠메는 요괴들로부터 도망치다가 오래된 집을 발견한다  나츠메는 그 집에 숨어 들어가지만 그곳은 마토바가 요괴를 잡기 위해 쉬는 집이었다  나츠메의 과거를 알고 있는 마토바  그는 나츠메에게 마토바 일족에 들어올 것을 제안하는데   
66, 더빙  짱구는 못말려   ,일상,예쁜 누나와 초코비를 좋아하는  살 짱구와 살인적인 발 냄새를 가진 아버지 그리고 세일과 미남을 좋아하는 엄마  귀여운 여동생 짱아와 강아지 흰둥이와 함께 행복한 나날을 보내고 있는 평범하지만 신나는 가족의 일상을 그린 애니메이션
67, 무삭제  일하는 세포,일상,이것은 나의 몸 이야기  나의 몸 속의 이야기  사람의 세포 수는 약   조개  세포들은 몸의 세계 중심에서  오늘도 치열하게 일한다  혈액을 움직이는 적혈구  세균과 싸우는 백혈구   그리고 우리가 모르는 사이에도 열심히 움직이는 세포들의 이야기 
68,실내캠핑 ,일상,야클  여행을 떠나다  야외활동 서클 줄여서 야클  부원은 겨우  명  야마나시현 구석에 위치한 모토스 고등학교에서도 구석에 있는 부실동에서  장어의 은신처 같은 한 귀퉁이를 부실로 사용하는 느슨한 아웃도어 서클  오늘도 어김없이 카가미하라 나데시코가 좁은 부실에서 한가롭게 시간을 보내고 있던 그때 오가키 치아키와 이누야마 아오이가 갑자기  지금부터 여행을 떠나자  라고 말한다  어리둥절한 나데시코를 데리고 야클 멤버들이 야마나시현을 동분서주한다  각 지역의 특산물을 맛보며 펼치는 여고생들의 기묘한 여행길  이 여행의 종착점은 어디일까  
69,우마욘,일상,우마무스메의 매력에 가볍게 빠지는 비장의 쇼트 애니메이션  우마무스메들이 팝하고 큐트한 애니메이션이 되어서 움직인다  트레센 학교를 무대로 펼쳐지는 경주  라이브  트레이닝       뿐만이 아니다   우마무스메들의 느긋한 학교생활을 꾹꾹 눌러 담은 쇼트 애니메이션  이제  달리기 시작합니다 
70,벨제붑 아가씨의 뜻대로,일상,느슨하고 달콤한  악마 의 일상  일찍이 천계를 떠나  악마가 된 천사들이 일하는 마계 만마전 판데모니엄 의 주인 벨제붑 각하  그 리고 벨제붑을 근시로 모시게 된 신입 직원 뮬린  벨제붑은 지적이고 쿨하다    라고 생각했는데  사실은 머리 속이 푹신 푹신 너무 느슨한 소녀였다  동경과 현실의 차이에 당황하면서도 점점 벨제붑과의 거리를 좁히는 뮬린  그런 두 사람을 둘러싼  이 또한 어설프고 독특한 악마들  이 이야기는 악마들이 있는 기분에 이름을 붙일 때 까지 이야기    일지도 모른다 
71, 더빙  짱구는 못말려   ,일상,짱구네 집은 오늘도 평범하지만 신나는 하루   예쁜 누나와 초코비를 좋아하는  살 짱구와 살인적인 발냄새를 가진 아버지 그리고 세일과 미남을 좋아하는 엄마  귀여운 여동생 짱아와 강아지 흰둥이와 함께 행복한 나날을 보내고 있다  사고뭉치 짱구 때문에 하루도 조용한 날이 없지만  끈끈한 가족애로 재미있는 하루를 보내고 있다 
72, 더빙  짱구는 못말려   ,일상,짱구네 집은 오늘도 평범하지만 신나는 하루   예쁜 누나와 초코비를 좋아하는  살 짱구와 살인적인 발냄새를 가진 아버지 그리고 세일과 미남을 좋아하는 엄마  귀여운 여동생 짱아와 강아지 흰둥이와 함께 행복한 나날을 보내고 있다  사고뭉치 짱구 때문에 하루도 조용한 날이 없지만  끈끈한 가족애로 재미있는 하루를 보내고 있다 
73, 더빙  짱구는 못말려 더 비기닝,일상,짱구네 집은 오늘도 평범하지만 신나는 하루   예쁜 누나와 초코비를 좋아하는  살 짱구와 살인적인 발냄새를 가진 아버지 그리고 세일과 미남을 좋아하는 엄마  귀여운 여동생 짱아와 강아지 흰둥이와 함께 행복한 나날을 보내고 있다  사고뭉치 짱구 때문에 하루도 조용한 날이 없지만  끈끈한 가족애로 재미있는 하루를 보내고 있다 
74, 무삭제  히나마츠리,일상,야쿠자  아시카와 파에서 두각을 나타내는 조직원 닛타  어느 날 그의 집에 수수께끼의 소녀 히나가 나타난다  히나의 엄청난 힘에 굴복하여 히나에게 의식주를 제공하게 된 닛타  닛타는 자신을 괴롭히던 히나의 초능력이 상황에 따라 엄청난 득이 될 수도 있다는 사실을 깨닫고  그와 동시에 닛타에게 부두목의 가혹한 명령이 떨어진다 
75,BanG Dream   rd Season,일상,  월  일 화요일   시   분   화 서비스 예정입니다   포피파 주최 라이브로부터  개월  즐거운 여름방학을 거쳐  계절은 가을  창고연습  아르바이트  학생회   평소대로의 나날을 지내고 있는             는  라이브하우스       에서  어떤 포스터를 발견한다  한편  운명의 밴드 멤버를 찾고 있던 롯카에게  한 통의 초대장이 오게 된다    다시 한 번 시작되는 반짝반짝 두근두근한 스테이지  모두와 함께라면  어떤 꿈이라도 꿰뚫을 수 있어 
76,내 여자친구가 너무 성실한 처녀 빗치인 건,일상,한없이 진지하게 수위를 넘나드는 여자친구가 고민   아슬아슬 고수위 애니메이션 
77, 자막  학원 베이비시터즈   판권 부활,일상,비행기 사고로 부모님을 잃은 류이치와 코타로 형제  같은 사고로 아들 부부를 잃은 모리노미야 학원 이사장 할머니는 형제를 맡아주는 대신  류이치에게 베이비시터부에 가입하여 교내 어린이 놀이방에서 알바를 하라고 명하는데   
78,여동생만 있으면 돼 ,일상,여동생만 있으면 인생은 항상 최고일 텐데 왜 나한텐 여동생이 없지  여동생이 여주인공인 작품만 써내는 여동생바보 소설가 하시마 이츠키의 주변에는 개성적인 사람들로 가득하다  천재작가이자 변태인 카니 나유타  대학생인 시라카와 미야코  세무사인 오노 에슐리  각자 고민을 떠안고 있으면서도 소설을 쓰거나 게임을 하거나 술을 마시는 떠들썩한 나날을 보내는 이츠키일행  그런 그들을 따뜻하게 지켜보는 이츠키의 동생 치히로에겐 남들에게 말 못할 큰 비밀을 갖고 있다  즐겁지만 양심에 찔리는  천재  평범한 사람  괴짜들이 펼쳐나가는 러브코미디  스타트    
79,타마코 마켓,일상,우사기야마 상점가에 있는 떡집의 딸  키타시라카와 타마코 는 자신이 자란 상점가와 떡을 너무나 좋아하는 고등학교  학년  상점가가 가장 바쁜 시즌인 연말  떡집 일을 돕느라 정신없는 타마코에게 느닷없이 사람의 말을 하는 거만한 새  데라 가 찾아왔다   타마코와 신기한 새  데라 가 펼치는 시끌벅적한  년이 시작됩니다 
80,불쾌한 모노노케안,일상,평범한 고등학생 주인공 아시야는 고등학교 첫 등교를 하고 집으로 가는 중에 이상한 물체를 밟고 만다  그 물체가 아시야의 어깨에 들러붙고 아시야는 현기증을 느낀다  날이 지날 수록 몸이 약해지던 아시야는 우연히 학교 게시판에 요괴를 퇴치해준다는 포스터를 발견하고  모노노케안 을 찾는다  그리고 아베노 하루이츠키를 만난다  아시야는 어깨에 붙은 요괴를 퇴치해달라고 부탁하는데        알고보니 아베노는 현세의 요괴를 성불시켜 은세 카쿠리요 로 돌려보내는 일을 한다고  츤데레 아베노와 주인공 아시야의 요괴 퇴치 콤비 에피소드 
81,초보 연금술사의 점포경영,일상,고아원에서 자란 초보 연금술사 사라사는 돌아가신 부모님과 똑같이 가게를 차리는 게 꿈  그런 사라사가 양성학교의 졸업 선물로 스승님에게 받은 것은  어느 변방 마을의 빈 점포였다  예정보다 빨리 이루어지는 꿈에 설레는 사라사였지만  기다리고 있던 것은 너덜너덜한 점포  낯선 커뮤니케이션  위험한 소재 수집에 마물 퇴치   풍부한 지식과 높은 마력  단련된 검술을 무기로 낯선 땅에서 고군분투하는 사라사  점포 경영을 통한 성장 스토리와 연금술이 만들어낸 다양한 사건들이 시작된다 
82,길모퉁이 마족,일상,어느 날  갑작스레 어둠의 힘을 각성하여 마족이 된 여고생 요시다 유코  마족이 된 유코는 집안에 대대로 내려오는 봉인을 풀기 위해 마법소녀를 쓰러트려  그녀들의 피를 손에 넣어야만 하는 숙명을 짊어지게 된다  그렇게 어둠의 힘을 사용해 숙적 마법소녀와 치열한 싸움을 벌이게 된 유코  하지만  그 마법소녀는 자신의 생명을 구해준 은인   게다가 세계를 구했다고 하는 엄청 강력한 마법소녀   풋내기 마족 유코는 마법소녀를 쓰러트리고 일족의 저주를 풀 수 있을까     마족과 마법소녀가 평화롭게 싸우는 매지컬 일상 코미디가 지금 시작됩니다 
83, 더빙  짱구는 못말려   ,일상,짱구네 집은 오늘도 평범하지만 신나는 하루   예쁜 누나와 초코비를 좋아하는  살 짱구와 살인적인 발냄새를 가진 아버지 그리고 세일과 미남을 좋아하는 엄마  귀여운 여동생 짱아와 강아지 흰둥이와 함께 행복한 나날을 보내고 있다  사고뭉치 짱구 때문에 하루도 조용한 날이 없지만  끈끈한 가족애로 재미있는 하루를 보내고 있다 
84,이누x보쿠 시크릿 서비스,일상,최강의 시큐리티를 자랑하는 고급 멘션 메죵 드 아야카시  통칭 요관  온갖 뒤숭숭한 소문들이 끊이지 않는 이곳의 실체는 격세유전의 요괴인간들이 살고 있는 괴이한 멘션  사람을 대함에 있어 치명적인 버릇을 갖고 있는 소녀 시라키인 리리치요는 그러한 자신을 바꾸고자 메죵 드 아야카시에 입주하게 된다  그리고 그곳에서 만나게 되는 시크릿 서비스 미케츠카미 소시  귀여운 주인님과 충성스러운 하인  그리고 개성넘치는 거주민들이 펼쳐 나가는 괴이 맨션 러브 코미디 
85,치트 약사의 슬로 라이프  이세계에 만들자 드러그 스토어 ,일상, 사축으로서 매일매일 일할 뿐이었던 남자  키리오 레이지  오늘도 얼빠진 눈으로 회사로 가고 있던 와중에 어느샌가 이세계의 숲에 와있었다     아아  이것이 요즘 유행한다는 이세계 전생인가  가지고 있는 스킬은 감정  창약 두 종류  그렇게 거창한 것들은 아닌   뭐  상관없나  그렇게 생각하고 있었지만  생각한 것 이상으로 치트 같은 스킬들이었다는 것으로 판명  이 세계에는 없었던 회복약같은 걸 차례로 제조해 순식간에 한밑천 잡게 되었다  이제 사축으로서 일하는 건 완전 사양이다  유유자적한 슬로 라이프를 보내기로 결심하고 드러그 스토어를 열었다  그렇게  이세계의 드러그 스토어를 무대로 한 슬로 라이프 이야기가 시작된다 
86,바보걸,일상,귀엽게 생긴 여학생   하나바타케 요시코 는 실은 굉장한 바보였다  바보의  바보에 의한  바보를 위한 러브코미디 
87, 더빙  짱구는 못말려   ,일상,짱구네 집은 오늘도 평범하지만 신나는 하루   예쁜 누나와 초코비를 좋아하는  살 짱구와 살인적인 발냄새를 가진 아버지 그리고 세일과 미남을 좋아하는 엄마  귀여운 여동생 짱아와 강아지 흰둥이와 함께 행복한 나날을 보내고 있다  사고뭉치 짱구 때문에 하루도 조용한 날이 없지만  끈끈한 가족애로 재미있는 하루를 보내고 있다 
88,마술선배,일상,마술을 좋아하는데 실패율         미인이지만 허당에 조금 야릇한 선배의 마술            문화부계 최종병기 히로인이 지금 탄생한다 
89, 더빙  일하는 세포,일상, 매주 일요일 밤   시   화씩 업데이트 됩니다  이것은 나의 몸 이야기  나의 몸 속의 이야기  사람의 세포 수는 약   조개  세포들은 몸의 세계 중심에서  오늘도 치열하게 일한다  혈액을 움직이는 적혈구  세균과 싸우는 백혈구   그리고 우리가 모르는 사이에도 열심히 움직이는 세포들의 이야기 
90,토끼 드롭스,일상,외할아버지의 부음을 받고 몇 년만에 본가로 돌아온 다이키치  하지만 집안은 외할아버지에게 숨겨둔 딸이 있었다는 사실 탓에 발칵 뒤집혀 있었다  외할아버지의 딸  린의 나이는 이제 겨우  살  엄마 되는 사람은 흔적조차 없고 린의 거취에 대해 서로 미루는 친척들의 태도에 다이키치는 폭발하고  결국 자신이 린을 맡겠다고 선언하고 만다  그리고   살 노총각 조카와 묘한 느낌의  살 이모의 동거생활이 시작되는데   
91,주문은 토끼입니까   기,일상,고등학교에 입학하게 되어 새로운 도시로 오게된 코코아는 길을 잃고 우연히 찻집 래빗하우스에 들어가게된다  실은 그곳은 그녀가 생활하게 될 곳 이었는데    모든것이 귀여운 래빗하우스에서 귀여운 그녀들의 생활이 시작된다 
92,일하는 세포  기,일상,이것은 당신의 이야기이자  당신 몸속의 이야기  사람의 세포 수는 약   조개  세포들은 몸의 세계 중심에서  오늘도 건강하게 쉴 새 없이 일하고있다  산소를 옮기는 적혈구  세균과 싸우는 백혈구     그곳에는 알려지지 않은 세포들의 드라마가 있었다  새로운 세포  새로운 세균이나 바이러스의 등장으로 인해 이야기는 새로운 전개로  의인화물의 새로운 정석  대인기 코믹 애니메이션  일하는 세포   기 개막 
93,길모퉁이 마족  번가,일상,마족 마법소녀의 마을 일상 판타지가 돌아왔다  마족의 힘에 눈뜬 후  어둠의 일족의 봉인을 풀기 위해 어설프지만 열심히 맞서 싸워 온 샤미코  라이벌이었어야 할 마법소녀 모모와는 어째서인지 협력 관계가 되어 버리고  마을에서 자취를 감춘 마법소녀의 비밀을 함께 추적하기 시작한다      게다가 마을에는 새로운 마족까지 잠입해 있는데  샤미코의 앞날에는 과연 어떤 일이 펼쳐질 것인가 
94,히나마츠리,일상,야쿠자  아시카와 파에서 두각을 나타내는 조직원 닛타  어느 날 그의 집에 수수께끼의 소녀 히나가 나타난다  히나의 엄청난 힘에 굴복하여 히나에게 의식주를 제공하게 된 닛타  닛타는 자신을 괴롭히던 히나의 초능력이 상황에 따라 엄청난 득이 될 수도 있다는 사실을 깨닫고  그와 동시에 닛타에게 부두목의 가혹한 명령이 떨어진다 
95,일하는 세포 BLACK,일상,매일 부지런히 온몸으로 산소를 나르는 신참 적혈구  그러나 그의 직장의 노동환경은  철저하게 블랙   음주  흡연  스트레스  수면부족    건강하지 못한 종합 상사와 같은 세계에서 과중 노동 끝에 세포들은 무엇을 생각할까  이것은 당신의 몸의 이야기  
96,런웨이에서 웃어줘,일상,신장은       에서 더 이상 자라지 않았다    후지토 치유키의 꿈은 파리 컬렉션 모델  모델로서는 치명적인 저신장인 탓에  주변 사람은  포기해  라고 말하지만  치유키는 꺾이지 않는다  그러던 도중  치유키는 같은 반의 가난한 남자아이 츠무라 이쿠토의 포기할 수 없는 꿈 패션 디자이너를  무리가 아닐까  라며 단념해버리고 마는데      이루어질 수 없다는 선고를 받더라도  그럼에도 외골수로 꿈을 쫓아 달리는 두 사람의 이야기 
97,최근 고용한 메이드가 수상하다,일상,최근에 메이드를 고용했다  일에는 항상 열심이고 성실하지만  매우    수상하다  시골에 있는 자그마한 저택의 주인인 유리는  갑자기 나타난 메이드 릴리스의 정체를 파헤치고 있었다  과거도 목적도 불명이지만 이상할 정도로 잘 일하고  요리도 빨래도 무서울 정도로 완벽하다  그리고  그 빨려들 것 같은 보랏빛 눈동자  분명 릴리스가 무언가를 꾸미고 있는 게 틀림없다고  너무나도 수상하다고 생각했지만 유리는 뭐를 어떻게 할 수가 없어 곤란해하고 있었다  이것은 고독했던 한 명의 소년과  갑자기 나타난 수상한 메이드가 조금씩 인연을 쌓아가는 이야기 
98,갸루와 공룡,일상,낙천적이고 솔직한 성격의 갸루  카에데 는 집으로 돌아가던 길에 공룡을 데려오고  그날부터 얼떨결에 공룡과의 동거가 시작된다  공룡 같은 건 잘 모르지만 어떻게든 되겠지 
99,스노하라장의 관리인 씨,일상,여자 아이 같은 귀여운 외모 탓에 남자 취급을 받지 못해온 소년 시이나 아키는 중학교 입학을 계기로 자신을 바꿔보고자 시즈오카에서 도쿄로 상경해 하숙 아파트  스노하라장 에 들어간다  그곳에서 아키를 기다리고 있던 것은 아무도 못 말리는 장난끼 많은 스노하라장의 관리인 아야카에 몸도 마음도 귀여움 받는 매일이었다  또한 다른 동거인들도 모두 연상의 여자들 뿐  힐링과 두근거림이 가득하면서도  무심결에 관리인에게 어리광 부리고 싶어지는 나이차이 로맨틱 코미디 결정판 
100,책벌레 공주,일상,후작 영애인 엘리아나는 어릴 적부터 책을 좋아해  독서광도 아닌  책벌레 공주 라는 별명이 붙었다  그런 괴짜 아가씨에게 왕태자인 크리스토퍼는 말했다   나와 약혼해 줬으면 해 라고  약혼함으로써 크리스토퍼는 궁전 내부의 파벌 싸움에서 해방되고  엘리아나는 왕태자의 약혼자로서 왕궁 서고실에 출입할 수 있게 되었다  이것은 어디까지나 서로의 이익을 위한  계약  약혼일    터였다   년의 세월이 지난 어느 날  엘리아나는 크리스토퍼가 자작 영애인 아이린과 사이좋게 얘기하는 모습을 목격하고 말았다  이에 엘리아나는 마침내 약혼이 파기되는 순간이 온 건가 하고 각오했지만  가슴속에서는 복잡한 마음이 소용돌이치고 있었다  책을 좋아하는 영애의 착각 러브 판타지  엘리아나와 크리스토퍼의  진정한 사랑 의 행방은 과연 
101,쿨하고 바보 같은 남자,일상,유난히 눈길을 끄는  쿨하고 멋있는 남자들  어딘가 다가가기 어려운 면이 있지만    그들은 모두  바보 였다  지갑을 잃어버린다든지  지하철에서 이어폰은 꽂지 않은 채 노래를 틀어놓는다든지  콘택트렌즈를 낀 채로 안경을 올리는 동작을 한다든지  주름 빨대인 걸 모르고 입구 부분을 음료수에 꽂아 쓴다든지  우산이랑 헷갈려서 구둣주걱을 들고 다닌다든지  그런 바보 같은 모습조차 쿨하게 소화해버리는  쿨하고 바보 같은 남자 들  바보 같은 짓도 하지만 있는 그대로의 모습으로 열심히 살아가는 그들의 일상담을 전해드립니다 
102,슬로우 루프,일상,바닷가에서 홀로  돌아가신 아버지가 가르쳐주신 제물낚시를 즐기는 소녀 히요리  평소처럼 낚시를 하고 있는데 갑자기 바다에 들어가려고 하는 천진난만한 소녀 코하루와 만나게 되었습니다  둘은 같이 낚시를 하게 되었지만  실은 서로의 부모님이 재혼을 하게 되면서 하나의 가족으로 엮이게 되었는데    엉뚱한 만남으로  자매 가 되어버린 히요리와 코하루와 함께   낚시 를 하면서 느긋하게 있어 보시지 않겠습니까 
103,센류소녀,일상,말하고 싶은 것은    의 센류로 전하는 소녀 유키시로 나나코와 겉모습은 무섭지만 마음은 상냥한 부스지마 에이지  단   자로 뽑아지는 두 사람의 일상은 언제나 행복이 가득 
104,극장판 짱구는 못말려  기   어른제국의 역습,일상,떡잎마을에   세기 박물관이 생기자 어른들은 그곳에 푹 빠져 헤어 나오지 못한다  그러던 어느 날    세기 박물관은   를 통해 중요한 안내 방송을 한다  그때부터 어른들은 어린아이처럼 행동하기 시작했고  다음 날 아침에는 박물관에서 보낸 트럭을 타고 단체로 사라진다  그 이후 남겨진 아이들도   세기 박물관에서 보낸 트럭에 실려 어딘가로 끌려가고  짱구와 친구들은 이리저리 도망친다  그러다 어른들을 찾으러 간   세기 박물관에서 이 모든 일을 꾸민 켄을 만난다  켄은 어른들이   세기의 냄새에 취해 어린 시절로 돌아갔다고 하면서  자신의 목표는   세기를 되살리는 것이라고 한다  한편  짱구는   세기 박물관에서 아버지와 어머니를 구하고  한자리에 모인 짱구 가족들은 켄의 음모를 막기 위해 마지막 결전을 준비하는데  
105,주문은 토끼입니까  BLOOM,일상,고등학교에 입학하게 되어 새로운 도시로 오게된 코코아는 길을 잃고 우연히 찻집 래빗하우스에 들어가게된다  실은 그곳은 그녀가 생활하게 될 곳 이었는데    모든것이 귀여운 래빗하우스에서 귀여운 그녀들의 생활이 시작된다 
106, 더빙  쥬로링 동물탐정,일상,변신 콤팩트  쥬로링 을 통해 동물로 변신 할 수 있는 능력을 얻은 키키 밍밍  루루 세 자매와 건이  미누는 애니멀리언 공주 카논과 그 일당들의 음모를 저지하기 위해 탐정단을 결성하고 사건을 해결하고자 나서게 된다  사건들을 통해 동물과 교감하며 동물을 이해해가는 과정을 그린 따뜻한 애니메이션이다 
107,쿠노이치 츠바키의 속마음,일상, 마을에서 멀리 떨어진 깊은 산속에  어떤 쿠노이치 집단이 살고 있었습니다  그 집단의 이름은  아카네조  개성 풍부한 쿠노이치들이 여러 반으로 나뉘어 서로 절차탁마하면서 자신의 술법을 갈고닦고 있었습니다  그런 아카네조에는  남성과의 접촉 금지 라는 절대 어겨서는 안되는 철칙이 있었습니다  아카네조 개반의 반장인 수습 쿠노이치 츠바키는 조의 우두머리도 인정하는 인술 사용자로  주위 사람들도 신뢰하는 리더 격 인물이었습니다  하지만  츠바키는 자꾸 신경 쓰이는 일이 있었습니다  그것은 지금까지 본 적도  접촉해 본 적도 없는  남자 에 대한 것  한번  만나보고 싶다   생각하면 생각할수록 멈추지 않는 가슴의 두근거림  아아  이 마음을  어떻게 하면 좋을까요   남자 금지 쿠노이치 코미디 만화가 대망의 애니화  순진하고 가련한 쿠노이치들의 따스하고 귀여운 일상  시작합니다 
108,우치타마    우리집 타마를 모르시나요  ,일상,어느 마을의  번가에는 어느 포스터가 잔뜩 붙어있었다  포스터에 그려진 것은 꼬리 끝이 살짝 꺾인 고양이와  우리 집 타마를 모르시나요  라는 글자  그 포스터를 바라보고 있는 소년에게는 푹신푹신한 귀와 끝이 살짝 꺾인 꼬리가       번가의 고양이와 개들이 인간의 모습으로 돌아다닌다   타마와 프렌즈의 냥 멍 더블 일상을 들여다보시겠습니까 
109,거친 계절의 소녀들이여,일상,고등학교 문예부에 속한 오노데라 카즈사를 포함한 여자  명   죽기 전에 하고 싶은 일 이라는 주제에 열을 올리던 어느 날  부원 한 명이 던진 한 마디  그 순간부터  소녀들은  성 에 휘둘리기 시작한다 
110, 무삭제  변덕쟁이 오렌지 로드 리마스터링,일상,중학교  학년 남학생 카스카 쿄스케는 그와 가족들이 가진 초능력을 숨기기 위해 잦은 이사를 다녀 친구 한 번 제대로 사귀어 본 적 없는 소년이다  그 날도 새로 이사온 마을의 높은 계단을 오르던 쿄스케  갑자기 날아온 붉은 밀짚모자를 초능력으로 잡게 되고  모자의 주인인 예쁜 소녀 아유카와 가벼운 말싸움을 벌인다  그러나 다음날 전학 온 학교에서 마주한 그녀의 모습은  흔한 양아치   충격을 받은 쿄스케였으나 아무래도 그녀가 점차 끌리고  아유카 역시 순수한 쿄스케의 모습에 호감을 갖게 되는데     한편 그 뒤에는  또 다른 후배 히카루가    
111,슈퍼커브,일상,나에게는 아무것도 없다  라고 생각했다  야마나시현 호쿠토시의 고등학교에 다니는 여자아이 코구마  부모님도 친구도 취미도 없는  아무것도 없는 나날을 보내는 그녀지만  문득 본 중고 슈퍼 커브를 구입한 것으로 조금씩 단조로웠던 매일이 변하기 시작한다 
112,마이코네 행복한 밥상,일상,교토의 카가이를 무대로 마이코들이 일을 마치고 돌아오는 숙소에서 마이코들의 식사를 만드는 요리사가 된 키요와 교토 제일의 마이코가 되기 위해 수련하는 키요의 소꿉친구 스미레  그리고 함께 생활하는 마이코들의 일상이 맛있는 요리와 함께 따뜻하게 펼쳐진다    
113,드래곤  집을 사다,일상,집에서 쫓겨나게 된 겁 많은 드래곤 레티  다종다양한 종족들이 살아가는 광대한 세계에서 살아가기 위해  약한 자신이라도 안심하고 지낼 수 있는 집을 찾아 여행을 떠나게 되었다  그러던 와중  용사 일행과 마주쳐 위험에 빠진 레티를 구한 건 자신을 부동산 업자라고 소개하는 엘프 디아리아였다  그렇게 둘은 함께 길을 떠나게 되었는데  과연 레티는 안주의 땅에 무사히 다다를 수 있을 것인가  드래곤과 마왕이 선보이는 신감각 판타지가 지금 여기서 개막 
114,주문은 토끼입니까    기,일상,고등학교에 입학하게 되어 새로운 도시로 오게된 코코아는 길을 잃고 우연히 찻집 래빗하우스에 들어가게된다  실은 그곳은 그녀가 생활하게 될 곳 이었는데    모든것이 귀여운 래빗하우스에서 귀여운 그녀들의 생활이 시작된다 
115,안녕  보노보노  기,일상,  주년 기념으로 제작되는 귀여운 아기 해달 보노보노와 친구들의 이야기
116,요괴 아파트의 우아한 일상,일상,부모님을 잃고 큰아버지 집에 얹혀살고 있었던 이나바 유시  불편했던 집을 떠나 고교생활과 동시에 기숙사 생활을 할 예정이었던 그는 기숙사 화재로 인해 궁지에 내몰리는데  다시 돌아가고 싶지는 않고  홀로 자취할 집을 찾아보던 도중 집세  만 천엔  파격적인 가격의 건물을 발견하는데  그러나 그 집엔 귀신이 나온다고 한다  요괴들과 함께 살게 된 고등학생 이나바에겐 과연 어떤 일이 벌어질 것인가     
117,마리아님이 보고 계셔  기,일상, 평안하신가요  언니  무대는 사립 릴리안 여학교  릴리안 여학교에는 청렴하고 바른 학교생활을 지켜나가기 위한 쇠르라는 시스템이 있다  선배가 후배에게 로사리오를 건네는 의식을 통해 자매가 될 것을 맹세하고 언니인 선배가 동생인 후배를 올바르게 지도해나가는 전통 쇠르  그중에서도 학생회인 산백합회의 장미들과 그 자매는 전교생의 주목을 받는 동경의 대상이다  주인공 릴리안 여학교  학년 후쿠자와 유미는 뜻하지 않게 자신이 동경하는  학년의 홍장미 봉오리 오가사와라 사치코에게서 자매 신청을 받고 산백합회에 들어가게 되는데   
118,핑구 시즌  ,일상,핑구는 가족과 함께 작은 마을에서 큰 도시로 이사를 왔다  그는 요리사  플로리스트  목수 등 흥미로운 일을 하면서 많은 펭귄들을 만난다  핑구는 그들에게 도움을 주려고 하지만 때때로 그의 짓궂은 장난은 그들을 곤란에 빠뜨린다  하지만 그의 강인한 정신과 재치 덕분에 항상 그들을 구하는데  
119,논논비요리   논스톱,일상,아사히가오카 분교의 학생은 단  명  학년도 성격도 다르지만  같이 야채를 기르고 벌레 잡기를 하거나  악기 연습을 하거나 하는 등  계절이 바뀌어가는 가운데 그들의 시골 생활엔 두근거림이 멈출 일이 없습니다  한가롭고 언제나 있는 그대로일지 몰라도 어느샌가 가슴 한편에 스며들어 마음이 따뜻해집니다  느긋하고 한가한 멤버들이 전해드리는 일상이  다시 한번 시작됩니다 
120,불쾌한 모노노케안 속,일상,요괴 불제는  본래 있어야 할 은세로부터 어떤 사정으로 인해 현세에 머물고 있는 요괴들을 은세로 돌려보내는 것을 말한다  어느날  요괴에 빙의된 고등학생 아시야 하나에는 우연히 요괴 불제를 행하는 모노노케안을 방문한다  거기에 있는 것은 꺼림칙해보이는 주인 아베노 하루이츠키였다 
121,아이돌 마스터 신데렐라 걸즈 극장,일상, 오래 기다리셨습니다  프로듀서씨  호평 속에 배포중인 아이돌 프로듀스게임  아이돌 마스터 신데렐라 걸즈  그 게임 속에서 전개되었던  신데렐라 걸즈 극장 이   애니메이션으로서 새롭게 등장  아이돌들이 휴일을 보내는 방법이나 코믹한 연극 등 다채롭게 보내드리는 하이텐션 쇼트 애니메이션  드디어 개막합니다 
122, 무삭제  불쾌한 모노노케안 속,일상,요괴 불제는  본래 있어야 할 은세로부터 어떤 사정으로 인해 현세에 머물고 있는 요괴들을 은세로 돌려보내는 것을 말한다  어느날  요괴에 빙의된 고등학생 아시야 하나에는 우연히 요괴 불제를 행하는 모노노케안을 방문한다  거기에 있는 것은 꺼림칙해보이는 주인 아베노 하루이츠키였다 
123,예스터데이를 노래하며,일상,사랑은 무엇인가  신주쿠에서 그리 멀지 않은 철도 노선 주변의 작은 마을에서 고민하고 방황하면서도 열심히 살아가는  명의 남녀의 모습을 그린 인생과 사랑에 대한 이야기 약간의 오해가 엇갈림으로 이어지고  각자의 생각이 뒤섞인다     는 소극적으로     는 적극적으로 살아가는 일상의 이야기 
124, 더빙  침략  오징어 소녀  기,일상,바다를 더럽히는 인류를 응징하기 위해서 바다 밑에서 무서운 침략자  오징어 소녀가 왔다   그러나 소녀는 오히려 사람들에게 휘둘리기만 하는데     
125,극장판 짱구는 못말려   기   엄청 맛있어  B급 음식 서바이벌 ,일상,카스카베 마을에서 열리는  급음식 축제에 가기로 한 떡잎마을 방위대  그런데 축제현장으로 가는 버스를 타러 정류장에 가는 길  큰 항아리를 메고 쫓기는듯이 달리는 한 여자와 그 여자를 쫓는 정체모를 무리를 발견했다  떡잎마을 방위대와 눈이 마주친 여자는 가던길을 멈춰서고는 은밀하게 아이들을 불러냈다  이후 그녀는 묻지도 따지지도 않고 들고있던 항아리를 건네주며 항아리에 든 소스를 야키소바 장인 강사장에게 전해달라는 것이었다  그리고 소스를 절대 맨입으로 먹지말라는 말을 덧붙이고는 자신은 추격자들을 따돌리기 위해 유유히 사라진다 
126,마음의 소리 시즌  ,일상, 년    일 울고  웃고  떠들고  하루도 조용할 날 없는 가족의 좌충우돌 코믹 시트콤 애니메이션 마음의 소리  트레이드 마크인 노란색 옷과 각진 얼굴  사건의 중심에 서 있는 한 사람  기발한 아이디어와 독특한 장난기  특유의 엉뚱함으로 많은 난관들을 훌쩍 넘어가 버리는 별난 성격의 소유자 주인공 조석  대머리에 늘 같은 파란 모자를 쓰고 있는  조석의 친형이자 대형 사건사고의 유발자 조준  가끔 두 아들들보다 더한 일들을 벌이는  엉뚱소심한 아버지  이런 가족들을 무력으로 가볍게 진압하는 숨어있는 무림고수  기계치 어머니  조석의 여자 친구이자 최종 보스 먹신  애봉이까지  과연 조석네 가족은 오늘 하루도 무사히 보낼 수 있을까   평범함과는 거리가 먼  예측 불가능한 이들의 요절복통 코미디가 이제 시작된다 
127,극장판 짱구는 못말려  기   핸더랜드의 대모험,일상,우주를 돌아다니며 나쁜 짓을 하는 악당들이 드디어 지구까지 손에 넣으려고 한다  그들은 핸더랜드라는 놀이공원을 본거지로 삼아  본격적으로 지구 공략에 나선다  우연히 핸더랜드에 놀러간 짱구는 토페마에게 악당들의 음모를 듣게 된다  토페마는 짱구에게 힘을 합쳐 악당들을 물리치자고 하지만  짱구는 겁을 먹고 주저한다  하지만 악당들은 이미 짱구가  굉장해 엄청나 트럼프 를 가지고 있다는 사실을 알고 짱구를 찾아온다  엄마  아빠까지 휘말리면서 짱구는 어쩔 수 없이 악의 무리에 대항해서 싸우게 되는데   
128,RPG 부동산,일상,마왕이 쓰러지고 세계가 평화로워진 지   년   카자이로 코토네 는 새로운 집을 찾아      부동산 에 방문하지만  사실은 그 곳이  코토네 의 취직처였다  동료들은 자유롭고 장난기 많은  파   일에 엄격한 승려  루프리아   가련한 외모와 정반대의 강인함을 지닌 전사  라키라    코토네 는 세 사람과 함께 힘을 모아 집을 구하러 방문하는 색다른 손님들의 억지를 사이좋고 즐겁게 해결하면서 새로운 주거를 제공해 나간다  소중한 집 찾기는      부동산 에 맡겨주세요  물 속에서도  구름 위에서도  어떤 장소라도  반드시 당신이 기뻐해 줄 멋진 집을 찾아내겠습니다 
129,첫사랑 몬스터,일상,대지주의 딸로 과보호 받으며 자란 여고생 니카이도 카호는 어느 날 차에 치일 뻔하지만  꽃미남이 나타나 위험에 처한 카호를 구해준다  게다가 꾸지람을 들어본 적 없는 카호에게 잘못을 지적해주는데   그의 이름은 타카하시 카나데  키      의 늘씬한 키  호쾌한 언행과 거침없는 스킨십  카나데에게 한 눈에 반해버린 카호   진짜 내 모습을 알고 나서도 날 좋아한다고 말할 수 있으면 너랑 사귈게   그러나 그의 진짜 모습은 바로 초등학생    그와의 첫 데이트는 바로 모래성 쌓기  요조숙녀 여고생 당돌한 초딩 연상연하 커플의 개그감 충만 두근두근 러브코미디   개막  
130,극장판 짱구는 못말려   기   정면승부  로봇아빠의 역습,일상, 어느 날  로봇이 되어 돌아온 짱구 아빠  짱구는 그 동안 영화에서만 봤던 슈퍼히어로가 되어 특별한 능력을 보여주는 로봇 아빠가 자랑스럽다  그러나 갑자기 무시무시한 모습으로 변하는 로봇 아빠와 함께 떡잎마을을 무너뜨리려는 거대한 음모가 드러나는데  과연  로봇 아빠와 짱구 가족은 마을의 평화를 지켜낼 수 있을까  가족의 운명을 건 거대한 전쟁이 시작된다  
131, 더빙  키테레츠 대백과 시즌  ,일상,천재 발명 소년 강기태  기태의 집안에는 천재 발명가 강발명 할아버지가 지은  키테레츠 대백과 라는 서책이 전해 내려온다  그 서책은 바로 상상을 현실로 만들어 주는 수많은 발명품 설계도가 그려져 있는 책  기태는 천재적인 재능으로 책 속의 발명품들을 현실에서 만들어내고  그의 조수이자 가장 친한 친구 코로스케와 함께 벽을 통과하고  시간을 여행하고  공룡도 만나는 신나는 모험을 한다  자  지금부터 발명왕 강기태와 함께 신기하고 기발한 발명의 세계로 떠나보자 
132,아르고나비스 from BanG Dream  ANIMATION,일상,홋카이도 하코다테  유럽과 일본 문화가 융합된 화려한 건물이 늘어선 마을  이 마을에서 우리들은 만나고  부딪치고 그리고 빛나는 스테이지를 향해 운명의 배를 저어 간다  머지않아 이 노래가 운명이었다는 것을 깨닫는다 
133,극장판 짱구는 못말려  기   암흑 마왕 대추적,일상,봉인된 마법을 풀고 온 세상을 지배하기 위해  마법의 구슬을 노리는 흑구슬족 일당으로부터 구슬을 빼앗아 도망가던 로즈와 라벤더  레몬은 우연히 짱구를 만나게 되고  어쩔 수 없이 짱구네 가족을 데리고 도피 여행을 하게 된다  찜질방과 슈퍼  그리고 구슬족의 고향인 구슬산에서 흑구슬족과의 피할 수 없는 대결을 벌이는 로즈 형제와 짱구네 가족들  과연 그들은 가족과 세계평화를 지켜낼 수 있을 것인가 
134,뒤떨어진 후르츠 타르트,일상,아이돌이 되기 위해 상경한 고등학교  학년 사쿠라 이노는 네즈미장의 주민인 인기 없는  전 아역 탤런트 로코  인기 없는 뮤지션 하유  인기 없는 모델 니나와 함께 신인 아이돌 유닛  후르츠 타르트 를 결성한다  철거 위기의 네즈미장을 구하기 위해 예능계의 뒤떨어진 사람들이 아이돌로서 칠전팔기를 보여준다  
135,극장판 짱구는 못말려   기   태풍을 부르는 영광의 불고기 로드,일상, 몇 달 동안 허리띠를 졸라매 불고기 파티를 벌이기로 한 짱구네 가족 앞에 나타난 의문의 사나이  그리고 그 사나이를 뒤쫓는  스위트 보이즈 란 수수께끼의 단체  맛있는 불고기를 눈앞에 두고 짱구랑 그 가족들은 영문도 모른 채 도피의 길에 오른다  누명을 벗을 수 있는 길은 오직  스위트 보이즈의 본사가 있는 태안반도로 가서 두목을 만나는 것뿐  과연 짱구네 식구들이 무사히 누명을 벗고 불고기 파티를 벌일 수 있을지  
136, 명은 각자 거짓말을 한다,일상, 명은 각각 거짓말을 한다
137,극장판 짱구는 못말려  기   액션가면 VS 그래그래 마왕,일상,아이들은 액션가면을    속의 인물인줄만 알고 동경한다  짱구는 친구들과 함께 액션 가면 카드를 사모으며 즐거운 하루를 보낸다  드디어 여름방학이 시작되는데  아버지가 갑자기 바다로 놀러가자고 한다  그것은 지구를 지키는 액션가면이 그들을 바다로 유인해낸 것이다  한편  우주에서 온 그래그래 마왕은 지구를 지배하기 위해 사람들의 영혼을 빼앗아간다  짱구는 지구를 지키기 위해 액션가면과 힘을 합치는데 
138,신 도라에몽  기,일상,인기 시리즈 도라에몽이 새로운 그림체와 새로운 이야기로 돌아온다  아주 허약하고 겁많은 초등학생 진구는 하루하루를 의미없이 살아간다  퉁퉁이과 비실이에게 괴롭힘을 당하던 어느 날    세기에 사는 진구의 자손이 도라에몽을 보낸다  책상 서랍에서 타임머신을 장착하고 튀어나온 고양이 모양의 로보트 도라에몽  귀가 없는 이 고양이를 닮은 로봇 도라에몽 덕분에 진구는 차츰 용기 있고 씩씩한 소년으로 변해간다 
139,힐러 걸,일상,제 의 의학  힐링  노래로 병이나 상처를 치료하는 음성 의학  그리고 노래함으로써 의료 행위를 행하는 사람들을 힐러라고 불렀다  카라스마 음성치료원에서 일하고 있는 세 명의 수습생 힐러들  언제나 기운 넘치는 분위기 메이커  후지이 카나  약간 드센 아가씨  이츠시로 레이미  그리고 느긋해 보이면서도 똑 부러지는 모리시마 히비키  고등학교  학년인 세 사람은 방과 후 카라스마 음성치료원에서 어엿한 힐러가 되기 위해 수행 중이었다  귀국 자녀이자  급 힐러 자격을 가진 야나기 소니아까지 더해  소녀들은 꿈을 향해서 오늘도 치유의 노래를 부릅니다 
140,극장판 짱구는 못말려   기   초시공  폭풍을 부르는 나의 신부,일상, 이번엔 짱구가 미래로 간다  미래에서 엄청난 일이 벌어졌다    돈이라면 나쁜 짓도 마다하지 않는 황금왕  그는 하나밖에 없는 딸도 사업에 이용하려고 한다  황금왕의 딸 다미의 약혼자는 바로 어른이 된 짱구  황금왕에 의해 바이오코팅된 어른짱구는 밝은 세계를 되찾기 위해 다미에게  살의 짱구를 데려와달라고 부탁한다  다미를 따라 미래로 온 짱구와 친구들에게는 미래 세계가 낯설기만 하다  그리고 그들은 미래에 있는 자신과 만난다  한편  황금왕은 어른짱구를 없앤 후  다미를 어른철수와 결혼시키려고 한다  그 계획을 막는 짱구와 친구들  과연 어른짱구는 다시 밝은 세계를 되찾을 수 있을까  짱구와 친구들은 다시 현재 세계로 돌아올 수 있을까  
141,신 도라에몽   기,일상,인기 시리즈 도라에몽이 새로운 그림체와 새로운 이야기로 돌아온다  그 열 세번째  아주 허약하고 겁많은 초등학생 진구는 하루하루를 의미없이 살아간다  퉁퉁이과 비실이에게 괴롭힘을 당하던 어느 날    세기에 사는 진구의 자손이 도라에몽을 보낸다  책상 서랍에서 타임머신을 장착하고 튀어나온 고양이 모양의 로보트 도라에몽  귀가 없는 이 고양이를 닮은 로봇 도라에몽 덕분에 진구는 차츰 용기 있고 씩씩한 소년으로 변해간다 
142,극장판 짱구는 못말려  기   폭발  온천부글부글 대작전,일상,어느 날  경찰들이 나타나 불발탄이 있다며 짱구와 엄마  짱아  흰둥이를 어디론가 데리고 간다  짱구 가족들을 납치한 것은  온천 가드맨 이라는 온천 수호단  이들은 목욕을 싫어하는  때안미러 단들이  지구 온천화 계획 을 세우고 있다는 것을 알고는 전설의 온천인  황금 온천탕 을 찾았던 것이다  그리고 그  황금 온천탕 이 짱구네 집 밑에 있다는 것을 알고 짱구 식구들을 몰래 데리고 온 뒤 그 집에서 온천을 찾기 시작한다  하지만 미처 온천을 파내기도 전에  때안미러 의 공격을 받기 시작하는데     한편   때안미러 의 두목인 때바라는   년 전의 원한 때문에 목욕을 하기 싫어했고 그 복수심에 목욕을 좋아하는 모든 사람들을 없애기로 마음 먹었다  그것을 위한 계획인  지구 온천화 계획 을 착착 실행에 옮기기로 하지만  온천 가드맨이 어떤 집에서 무엇인가를 찾고 있다는 사실을 알고 짱구 식구들과 그 보디가드인 온천 가드맨을 납치해 오는데    
143,NEW 아기공룡 둘리,일상,    년부터   여년 동안 월간 만화잡지 보물섬에 연재되었던 인기 만화  아기공룡 둘리 를 애니메이션으로 재구성한 작품         년에    에서   시리즈를 만들었었지만  원작의 개성을 잘 살리지 못한 아쉬움이 있었다  이 시리즈는 원작자인 김수정 감독이 직접 연출하여 원작의 감성을 애니메이션에 고스란히 옮겨 놓았으며  현재 시점에 맞게 설정과 이야기를 다듬어 동시대성을 획득하였다 
144,극장판 짱구는 못말려   기   나의 이사 이야기 선인장 대습격,일상,안녕  떡잎마을  갑자기 멕시코 지사로 발령이 난 짱구아빠  그로 인해 짱구 가족은 정든 떡잎마을을 떠나 멕시코로 이사를 가게 되고  태양의 나라 멕시코에 도착한 짱구 가족은 선인장 페스티벌에 참여하게 되는데    하지만 짱구 가족을 기다리는 건 선인장 괴물   과연 짱구와 멕시코 이웃들은 무시무시한 선인장 괴물에 맞서 마을을 지켜낼 수 있을까  가족의 운명을 건 선인장 괴물과의 후끈한 한 판 승부가 시작된다 
145,극장판 짱구는 못말려  기   폭풍을 부르는 정글,일상,모처럼의 휴가를 맞아 호화 유람선을 타고 여행을 떠난 짱구와 가족들  그런데 선상에서 시사회를 상영하던 도중  정체불명의 원숭이들의 습격을 받아 어른들이 몽땅 섬으로 끌려가 버린다  사랑하는 부모님과 액션가면을 구하기 위해서 마침내 섬으로 찾아나선 짱구와 친구들  그들 앞에 나타난 것은 원숭이 섬을 지배하는 펑크 머리에 요란한 차림새를 한 정글의 악당  파라다이스킹이었으니 
146,극장판 짱구는 못말려   기   전설을 부르는 춤  아미고 ,일상, 채성아 선생님  나미리 선생님   고희순 선생님이 일과후 식당에서 이야기를 하고 있다  나미리 선생님은 유치원 재롱잔치때 삼바춤을 추자고 제안하지만 다른 두 사람은 난색을 표한다  모임을 마치고 혼자 집으로 돌아가던 채성아 선생님은 누군가가 뒤를 밟는 느낌에 달리기 시작한다  그러다 철길을 건너면서 자기와 똑같이 생긴 사람과 마주친다  다음날 아침 짱구는 평소처럼 유치원 버스를 집 앞에서 기다리게 하는데 버스에서 유난히 기분이 좋아 보이는 채성아 선생님이 나타난다  짱구는 이상하게 생각하면서 버스에 올라 유치원으로 향하다  쉬는 시간에 훈이는 수지가 이상하다고 얘기한다  수지가 평소 무관심하던 훈이에게 친절해진 것이다  훈이가 수지와 모습은 똑같지만 진짜가 아니라고 주장하자 맹구는 마을에 떠도는  똑같이 생긴 가짜가 나타나고 진짜 인간은 사라져버린다 는 소문을 들려주는데    
147,극장판 짱구는 못말려   기   폭풍수면  꿈꾸는 세계 대돌격,일상,어느 날  꿈 속에서 거대한 물고기가 나타나 짱구 가족을 한 입에 삼킨 날로부터 마을 사람들은 모두 잠을 잘 때마다 보고 싶은 꿈을 꾸는 신기한 꿈의 세계로 가게 된다  하지만 짱구의 유치원에  보라 가 전학 온 후  마을 사람들이 꿈꾸는 세계는 점차 악몽으로 변해가고 사람들은 무시무시한 악몽 속으로 빨려 들어가게 된다  짱구와 떡잎마을 방위대는 새롭게 전학 온 보라가 꿈의 세계 속 비밀을 간직하고 있다는 것을 알게 되고  마을 사람들과 보라를 위해 악몽과의 한판 대결을 시작하는데 
148,마음의 소리 시즌  ,일상,서울시 은평구 연신내 평범한 가정집  이곳에 범상찮은 가족들이 살고 있다   트레이드 마크인 노란색옷과 각진얼굴  사건의 중심에 서있는 한사람  기발한 장난기로 다른 사람들을 당황하게 만들고 많은 난관들을 특유의 엉뚱함으로 훌쩍 넘어가 버리는  별난 성격의 소유자  주인공 조석  중국을 내집처럼 넘나들며  남을 곤란에 빠트리는 것을 즐겨하는 조석의 친형  조준  가부장적이지만 잘 삐치는 소심한 성격의 아버지  멀쩡한 물건을 완전히 망가지게 만드는 마이너스 손의 소유자 기계치 어머니  그리고 현모양처가 꿈이지만 핵폭탄수준의 요리가 취미인 조석의 여자친구 애봉이까지  평범함과는 거리가 먼 예측 불가능한 이들의 요절복통 코미디가 시작된다 
149,아이돌 마스터 SideM 사연 있는 Mini ,일상,사연이 있어서     로 애니메이션화      사이즈로 변한 아이돌들이     프로덕션을 무대로 펼치는 하트풀하고 패셔너블한 스토리    유닛이 모두 출연 
150,아프리카의 샐러리맨,일상,사바나도 먹이사슬도 관계없다  현대사회를 살아가는 아프리카의 샐러리맨들의 땀과 눈물의 사축 코미디  아프리카의 대기업에서 일하는 사자  왕부리새 도마뱀  인 아니 세 마리가 만들어내는 이야기는 거친 폭언 기행으로 현대사회를 돌파하는 나날 무리한 프로젝트  자비 없는 감봉    인간보다 먹고살기 힘든 샐러리맨의 생활을 동물들이 고군분투  현대사회의 샐러리맨이 공감할 소재임에 틀림없다  사바나도 먹이사슬도 완전히 잊힌 동물 회사원의 일상이 여기에  
151,극장판 나츠메 우인장   세상과 연을 맺다,일상,다정하고  애처로운  거짓말을 했다  아름답고 덧없는 인간과 요괴의 이야기 할머니에게 물려받은  우인장  덕분에 인간과 요괴들 사이에서 바쁜 나날을 보내고 있는 나츠메  어느 날 옆 마을에 수상한 요괴가 숨어들었다는 소식을 들은 나츠메는 야옹 선생과 함께 마을을 살펴보고 돌아온다  하지만 그 틈을 타 따라온 수상한 요괴는 나츠메의 집 마당에서 하룻밤 사이에 나무가 되어 열매를 맺고  자신을 닮은 열매를 먹어버린 야옹 선생은 무려 세 마리로 늘어나버리는데   
152,카구야 님은 고백받고 싶어  천재들의 연애 두뇌전   기 OVA,일상,집안도 인품도 좋다   기대 받고 있는 수재가 모인 슈치인 학원   그 학생회에서 만난부회장 시노미야 카구야와 회장 시로가네 미유키는 서로 끌리고 있었지만  아무것도 없이 반년이 지났다  
153,검정고무신  기,일상,    년대 서울 변두리가 배경   대가 모여 사는 대가족 집안의 두 아들  초등학생 기영이와 까까머리 중학생 기철이가 주인공들이다  장난꾸러기지만 제법 철이 든 초등학생 기영이와 사춘기 감성에 젖어 여학생에 한눈을 파는 푼수 중학생 기철이의 캐릭터가 묘한 조화를 이룬다  검정고무신의 주요무대는 주인공들이 속해있는 가족과 학교의 두 축으로 이루어져 있다  모두다 가난했던 시절  집안에서 일어나는 가족간의 사랑과 갈등  일상생활들  학교 교실에 일어나는 코믹한 에피소드들  동네 골목에서의 놀이 등이 보는 이로 하여금 추억에 젖게 하면서도 잔잔한 감동을 느끼게 한다 
154,타마코 러브 스토리   판권 부활,일상, 널 좋아해   소년의 오랜 시간 기다린 고백이 소녀의 마음을 움직이기 시작했다  어려서부터 우사기야마 상점가 안  타마야 떡집의 딸로 자라온 고   소녀 타마코는 자나 깨나  떡 과 상점가  그리고 방과 후 서클 바통부에 대한 생각뿐이다  그러던 어느 날  이웃 사촌이자 오랜 시간을 함께 보낸 친한 친구 모치조가 타마코에게 좋아한다고 고백한다  갑작스러운 고백에 당황한 타마코는 그 자리를 황급히 피해버리고  그 날 후로 모치조와 어색한 사이가 되어 버린다  하지만 친구 미도리로부터 모치조가 도쿄의 대학에 진학하기 위해 떠난다는 사실을 알게 된 타마코는 지금까지 자신도 알지 못했던 모치조에 대한 마음을 깨닫게 되는데 
155,극장판 짱구는 못말려  기   돼지발굽 대작전,일상,원장님은 복권에 당첨되자 유치원 아이들을 유람선에 태워 파티를 즐긴다  그런데 이때 웬 여성이 물에서 올라와 이들의 배로 올라탄다  정의의 편       약칭    의 요원인 그녀는 암호명  깜찍이 로  세계를 지배하려는 악의 무리  돼지발굽 이 개발한 무기의 주요 부품을 그들의 비행선 안에서 훔쳐 나오다 적에게 들키자 지상으로 뛰어내렸던 것이다  그녀를 뒤쫓아 온 돼지발굽이 그녀가 탄 배를 송두리째 들어 올리자 원장 선생님과 아이들은 바다로 뛰어들지만 화장실에 가 있던 짱구와 친구들과 깜찍이만은 배에 남아 있다가 돼지발굽에게 붙잡히는 신세가 된다  한편 짱구가 실종됐다는 뉴스에 애태우는 엄마  아빠 앞에    의 또다른 요원  덩치 가 나타나 짱구를 찾아주겠다며 사진을 요청하자  엄마 아빠는  덩치 을 따라가서 짱구를 찾기로 마음먹는데   
156,극장판 짱구는 못말려   기   부리부리  분 대진격,일상,어느 날  정신없이 아침을 보낸 후  엄마는 고픈 배를 채우기 위해 컵라면을 준비해둔다   분을 기다리던 중 엄마는 잠에 빠져들고  라면 냄새를 따라 온 미래맨이 짱구 집에 나타나게 된다  결국 엄마에게 들키게 된 미래맨은 자신의 모든 상황을 다 얘기하고 짱구 가족의 도움을 받기로 한다   분 뒤의 미래에서 괴물을 이겨 원래 있던 세계로 보내주는 역할을 맡은 짱구 가족은 미래맨의 도움으로 영웅이 되어 괴물을 처리한다  그러던 어느 날  괴물이라고는 하지만 그다지 강하지 않았던 탓에 늘 자신만만했던 엄마와 아빠는  분 안에 괴물을 처리하지 못하고 오히려 다쳐서 오는데   
157,극장판 짱구는 못말려   기   폭풍을 부르는 석양의 떡잎마을 방범대,일상, 술래잡기를 하던 짱구와 친구들은 낡은 극장으로 들어간다  그런데 짱구가 화장실에 간 사이에 친구들은 모두 사라지고 집에도 가지 않았다고 한다  짱구는 가족들과 친구들을 찾으러 극장에 갔다가 영화 속으로 빨려 들어간다  그 안에서 사라진 친구들을 만났지만 친구들은 이미 예전 기억을 잃어버린 상태다  시간이 멈추고 기억이 사라지는 곳  저스티스 시티  이 이상한 공간에서 빠져 나가려면 악당 저스티스를 물리쳐야 하는데    짱구와 친구들은 과연 저스티스를 물리치고 다시 이 세계로 돌아올 수 있을까  
158,극장판 짱구는 못말려   기   태풍을 부르는 장엄한 전설의 전투,일상,어느 날 밤 짱구 가족은 동시에 사극에서 본 듯한 아름다운 여성이 나오는 꿈을 꾼다  다음 날 짱구가 유치원에서 돌아오자 흰둥이가 마당의 흙을 파헤쳐 놓는 사건이 발생하는데  그 구덩이에서 나온 문서엔 서툰 글씨로 자기가 떡잎성에 있다는 내용이 적혀 있었다  문서를 읽어나가던 짱구는 굉장히 아름다운 아가씨가 있다는 내용에서 지난 밤의 꿈을 회상하는데  문득 정신을 차려 보니 꿈에서 본 호숫가에 서 있는 것이 아닌가 
159,극장판 짱구는 못말려  기   흑부리 마왕의 야망,일상,타임머신 사고 때문에 흰둥이의 몸에 들어간 타임 패트롤 대원인 링링은 과거의 이상한 흐름을 감지하고  시간을 바로 잡기 위해 짱구와 그의 부모를 설득해 과거로 날아간다  시간 흐름에 이상을 생기게 한 흑부리 마왕을 처치하기 위해  짱구는 몰락한 가문의 후예인 하리용과 손을 잡고  마침내 흑부리 성으로 쳐들어가는데 
160,마리아님이 보고 계셔  기,일상, 평안하신가요  언니  릴리안 여학교에는 청렴하고 바른 학교생활을 지켜나가기 위한 쇠르라는 시스템이 있다  선배가 후배에게 로사리오를 건네는 의식을 통해 자매가 될 것을 맹세하고 언니인 선배가 동생인 후배를 올바르게 지도해나가는 전통 쇠르  그중에서도 학생회인 산백합회의 장미들과 그 자매는 전교생의 주목을 받는 동경의 대상이다  어느덧 봄이 오고  산백합회 임원들은  학년 선배들의 졸업식과  학년 후배들의 입학식 준비에 한창인데   
161,극장판 짱구는 못말려  기   부리부리 왕국의 보물,일상,우연히 시장에서 경품 추첨에 응모한 짱구와 짱구 엄마는 특별상에 당첨된다  특별상의 내용은 부리부리 왕국  박 일 가족여행권  하지만 이 여행은 악당 화이트 스네이크단이 꾸민 무시무시한 음모였다  이런 사실을 모른 채 짱구 가족은 부리부리 왕국으로 여행을 떠나고  비행기 안에서부터 악당들의 맹렬한 추격전이 시작된다  무슨 이유에선지 화이트 스네이크단은 짱구를 잡아가려고 하고  엎치락뒤치락하는 접전 끝에 결국 짱구는 잡힌다  한편 짱구가 잡혀간 화이트 스네이크단의 지하 감옥에는 짱구와 똑같이 생긴 부리부리 왕국의 왕자  찡구가 갇혀 있었다  알고 보니 부리부리 왕국의 엄청난 보물과 함께 부리부리 왕국을 통째로 집어삼키려는 아나콘다의 계획에는 짱구와 찡구가 모두 필요했던 것  과연 짱구는 악당의 손에서 무사히 빠져나올 수 있을까    
162,BanG Dream  걸파 피코,일상,뱅 드림의 그 캐릭터들이 작아져서 쇼트 애니메이션으로 찾아온다  밴드걸들의 숨겨진 성지 라이브 하우스  서클 을 무대로 작아진 뱅 드림 캐릭터들이 대활약  기대의 초신성                정상에 화려하게 피어난 푸른 장미           소꿉친구들이 결성한 왕도 록 밴드             화려하게 빛나는 아이돌 밴드                   온 세상에 웃음을 전파하는  헬로  해피 월드   멤버들이 이브 하우스를 띄우기 위해 활약한다  웃음과 눈물이 있는 하트풀    걸즈 밴드 코미디 
163,프리마 돌,일상,찻집 흑묘정  그곳은 황도  구의 구석에 덩그러니 있는 찻집  그곳에서 일하는 것은 기술의 정수를 모아서 만들어진 자율인형 오토마타  소녀들  수년 전에야 겨우 끝난 대전쟁  그곳에서 병기로써 만들어진 소녀들  이윽고 맞이한 전후의 평화  새것과 다름 없이 수리되어 반짝반짝 새 옷을 입고 새로운 역할을 찾아서 노랫소리를 드높인다  당신도 그녀들과 멋진 한때를 보내지 않으시겠습니까 
164,    ,일상,타키가와 미우에게 갑자기 도착한 한 통의 편지  편지의 내용은 그녀가 새로운 아이돌 그룹 프로젝트의 멤버로서 선택되었다는 것이었다  반신반의하면서 편지에 적혀있던 장소에 가자 그곳에는 같은 이유로 모이게 된  명의 소녀들이 있었다  그녀들이 보게 되는 것은 거대한 극비 시설  어찌할 바를 모르고 있을 때 그녀들이 듣게 된 말은  여러분은 아이돌 유닛으로서 메이저 데뷔를 하시게 됩니다  였다  지금까지 없었던 새로운 아이돌이 여기에 탄생한다 
165, 더빙  마루코는 아홉살   part  ,일상,호기심 많고 왈가닥인 아홉 살 꼬마 마루코는 만화를 무척 좋아하는 말괄량이 여자아이다  할아버지  할머니  아빠  엄마  언니와 함께  대가 모여 살고 있다  학교에서는 타마와 가장 친하지만 그 외의 친구들도 아주 많다 
166,라이플 이즈 뷰티풀,일상,거리      직경      총 사격 발 수   발  경기 시간   분 단단한 재킷을 몸에 걸치고 보기보다도 훨씬 기력을 소모하는 가혹한 승부의 세계 빔 라이플 경기이지만 아무도 알아 주지 않는 것이 지명도가 낮은 스포츠의 안타까운 부분  하지만 저 올림픽에 출전하는 게 목표입니다  치도리 고등학교에 우연히 모인 코쿠라 히카리  시부사와 이즈미  메이노하마 에리카  이가라시 유키오  이들 여고생  명이 보내는 느슨하지만 전력을 다하는 사격부 라이프  
167,센토루의 고민,일상,주로 히메라고 불리는 키미하라 히메노는 극히 평범한 고등학교 생활을 보내고 있는 여고생이지만 조금 다른 점은 켄타로우스의 형태라는 것이었다  하지만 용인인 노조미  각인인 쿄코  익인인 반장  뱀인인 사스사스  각기 다른 형태의 반 친구들과 즐거운 고등학교 생활을 보내고 있다  히메의 사촌동생인 시노와 그녀의 친구 마키치  반장의 여동생  명도 등장해 인간이지만 인간이 아닌 소녀들의 귀여운 일상이 펼쳐진다 
168,극장판 짱구는 못말려   기   포효하라  떡잎 야생왕국,일상,짱구가 사는 떡잎마을에서는 새로운 마을 회장으로 취임한 나자연을 중심으로 환경보호운동이 왕성하게 펼쳐진다  어느 날  짱구는 떡잎유치원의 야외수업으로 지역청소활동에 참가한다  그리고 강가에서 발견한 이상한 가방 안에 들어 있던 초록색 음료를 가지고 집으로 돌아온다  그날 밤  짱구의 아빠와 엄마가 그 음료를 마시고  다음날  두 사람은 서서히 동물 같은 행동을 한다  그러다 결국 아빠는 닭  엄마는 표범으로 변신한다  깜짝 놀라는 짱구의 가족 앞에  분리 란 남자가 이끄는 정체 모를 집단이 나타나서 짱구의 가족들을 잡아간다  그런 와중에 짱구의 앞에는  빅토리아 라는 이름의 여성이 나타나서 나자연의 정체를 말해준다  나자연은 과격한 환경보호단체의 단장으로  인간을 동물로 만들어 환경파괴를 저지할 계획을 추진하고 있다는 것이다  그리고 짱구의 엄마와 아빠가 마신 것은 인간을 동물로 바꾸는 음료로  그 음료를 마신 사람은 이윽고 자신이 인간이었던 사실조차 잊어버리게 된다    짱구는 엄마  아빠를 구하기 위해 적의 본부로 침입하는데    짱구는 과연 엄마와 아빠를 구하고  그들의 야망을 저지할 수 있을까 
169,신 도라에몽 스페셜  기,일상,도라에몽 최고 시리즈 신도라에몽 스페셜이 돌아왔다 도라에몽과 친구들이 펼치는 아주 특별한 이야기  다른 시리즈들과는 다른 그 특별함속으로 여러분을 초대합니다 
170,신 도라에몽  기,일상,인기 시리즈 도라에몽이 새로운 그림체와 새로운 이야기로 돌아왔다  그 여섯번째 이야기  아주 허약하고 겁 많은 초등학생 진구는 하루하루를 의미 없이 살아간다  퉁퉁이과 비실이에게 괴롭힘을 당하던 어느 날    세기에 사는 진구의 자손이 도라에몽을 보낸다  책상 서랍에서 타임머신을 장착하고 튀어나온 고양이 모양의 로보트 도라에몽  귀가 없는 이 고양이를 닮은 로봇 도라에몽 덕분에 진구는 차츰 용기 있고 씩씩한 소년으로 변해간다 
171,극장판 짱구는 못말려   기   폭풍을 부르는 노래하는 엉덩이 폭탄 ,일상,아빠의   년 회사 근속을 기념하여 제주도로 놀러 간 짱구네 가족  그곳에서 흰둥이의 엉덩이에 이상한 물체가 박힌다  엉덩이별 사람들이 우주의 운석을 제거하기 위해 설치한 폭탄 중 하나가 우연히 지구로 떨어진 것이다  그 폭탄은 지구를 산산조각으로 만들 수 있는 엄청난 위력을 가지고 있다  이 폭탄을 차지하려는 단체는 두 군데였다  하나는 국제우주감시센터 응카  지구에 침입하는 외계인을 감시하는 곳이다  그곳에서는 폭탄을 제거하기 위해 흰둥이를 데려가려고 한다  그리고 또 하나는 개양개비 뮤지컬단의 단장  그녀는 폭탄을 이용해서 이 세계를 지배하려는 계획을 세운다  두 단체 모두 폭탄을 차지하려고 하지만  폭탄을 차지하기 위해서는 흰둥이를 데려가야 한다 
172,신 도라에몽  기,일상,인기 시리즈 도라에몽이 새로운 그림체와 새로운 이야기로 돌아왔다  그 여섯번째 이야기  아주 허약하고 겁 많은 초등학생 진구는 하루하루를 의미 없이 살아간다  퉁퉁이과 비실이에게 괴롭힘을 당하던 어느 날    세기에 사는 진구의 자손이 도라에몽을 보낸다  책상 서랍에서 타임머신을 장착하고 튀어나온 고양이 모양의 로보트 도라에몽  귀가 없는 이 고양이를 닮은 로봇 도라에몽 덕분에 진구는 차츰 용기 있고 씩씩한 소년으로 변해간다 
173,변덕쟁이 오렌지 로드 리마스터링,일상,중학교  학년 남학생 카스카 쿄스케는 그와 가족들이 가진 초능력을 숨기기 위해 잦은 이사를 다녀 친구 한 번 제대로 사귀어 본 적 없는 소년이다  그 날도 새로 이사온 마을의 높은 계단을 오르던 쿄스케  갑자기 날아온 붉은 밀짚모자를 초능력으로 잡게 되고  모자의 주인인 예쁜 소녀 아유카와 가벼운 말싸움을 벌인다  그러나 다음날 전학 온 학교에서 마주한 그녀의 모습은  흔한 양아치   충격을 받은 쿄스케였으나 아무래도 그녀가 점차 끌리고  아유카 역시 순수한 쿄스케의 모습에 호감을 갖게 되는데     한편 그 뒤에는  또 다른 후배 히카루가    
174,빨강머리 앤   판권 부활,일상,캐나다의 작은 마을 에이번리에는  초록색 지붕 집 이라는 아담한 집이 있다  그곳에 사는 매튜와 마릴라는 남매는 농사일을 도와줄 남자아이를 보육원에서 데려오기로 한다  그리고 오늘은 스펜서 부인이 그 아이를 데려오기로 한 날이다  매튜는 마차를 타고 역으로 향하는데 그곳에 있는 건 남자아이가 아닌 빨강머리를 지닌 여자아이였다  가뜩이나 낯가림도 심한 매튜는 밝게 웃으며 자신에게 말을 거는 여자아이를 보고 당황하는데 
175,극장판 짱구는 못말려   기   태풍을 부르는 황금 스파이 대작전,일상, 최연소  초아담  신개념    스파이 짱구의 불가능한 미션이 시작된다  갑자기 짱구 앞에 나타난 정체불명의 소녀  레몬   그녀가 전한 액션가면으로부터의 비밀 메시지를 받은 짱구는  액션 스파이 로 임명된다  레몬과의 특별훈련으로 완벽한 액션 스파이로 변신한 짱구  짱구에게 주어진 임무의 비밀은 무엇이며  짱구를 선택한 레몬의 진짜 이유는  최강 비밀 병기   메가나와뿡  를 둘러싼 거대한 음모가 시작된다  
176,극장판 짱구는 못말려   기   폭풍을 부르는 나와 우주의 프린세스,일상,짱구가 아껴먹으려고 한 푸딩을 짱아가 전부 먹어버렸다   화가 난 짱구는 짱아가 좋아하는 계란 과자를 먹어버린다  짱아가 울음을 터트리자 엄마와 아빠는 짱구를 야단친다  오빠는 동생을 울리면 안 된다는 것이다  화가 난 짱구는 자기도 모르게 소리친다   여동생 따윈 필요 없어   짱아 따윈 필요 없다구     그 말을 듣고 이상한 남자 두 명이 나타난다  짱아가 필요 없다면 자기들이 데려가겠다는 것이다  그들이 내민 계약서에 짱구가 사인을 하자  그들은 짱구네 가족들을 어딘가로 데려간다  그들의 정체는 바로 외계인   그리고 그들이 도착한 곳은 지구의 형제별인 짱아별이라는 것이 아닌가   그 별의 대왕인 선데이 뒹굴리우스는  짱아는 그 별의 공주로  짱아가 영원히 그 별에 있지 않으면 짱아별도 파멸된다  라고 말한다  짱아는 지구와 짱아별을 구할 전설의 공주였던 것이다  그들은 짱아를 돌려주려고 하지 않는다  짱구가 계약서에 사인했기 때문이라고 한다  어떻게 하면 계약을 취소시킬 수 있을까 고민하는 짱구  그런데 짱아를 데려와도 지구와 짱아별은 파멸되지 않을까  지구와 짱아별이 없어진다고 해도  짱아를 데려와야 할까  지금부터 지구도 구하고 짱아도 데려올 수 있는  엄청난 작전이 펼쳐진다  
177,무지개빛 데이즈   판권 부활,일상,크리스마스 이브에 여친에게 차인 하시바 나츠키는 우연히 산타복장을 한 코바야카와 안나를 만난다  안나는 훌쩍이는 나츠키에게 카라오케 홍보용 티슈를 건넨다  나츠키는 여자친구에게 선물하려고 했던 목도리를 안나에게 선물한다  그리고 다음 날 학교에 도착하고 나서야 산타 복장을 하고 있던 인물이 같은 반 학생인 안나라는 사실을 알게 된다  노래방에서 우연히 안나를 다시 만나고 사랑이란 감정을 느끼는 나츠키  숙맥인 나츠키가 안나와 이어질 수 있게 주변 친구들이 나서는데  안나에게는 남자라면 질색하는 츠츠이 마리라는 친구가 있었다  그런 마리에게 반한 나츠키의 친구  마츠나가 토모야  그리고 마츠나가의 여동생 마츠나가 노조미는 카라쿠라 케이이치에게 반한다  그 이유는 카타쿠라의  기질 때문이라고  나름 인기남이지만 어쩐지 그의  기질만 보면 질색하며 떠나버리는 다른 여자와 다르게 노조미는 카라쿠라를 좋아하게 된다  마지막으로 공식커플인 아사이 유키코와 나오에 츠요시까지  등교 중에도 만화책을 읽는 오타쿠 나오에 츠요시는 코스프레 매니아인 아사이 유키코와 알콩달콩한 연인 사이이다   인  색의 청춘 연애담  공식인 듯 비공식적인  쌍의 커플들의 이야기  
178,신 도라에몽  기,일상,인기 시리즈 도라에몽이 새로운 그림체와 새로운 이야기로 돌아온다  아주 허약하고 겁많은 초등학생 진구는 하루하루를 의미없이 살아간다  퉁퉁이과 비실이에게 괴롭힘을 당하던 어느 날    세기에 사는 진구의 자손이 도라에몽을 보낸다  책상 서랍에서 타임머신을 장착하고 튀어나온 고양이 모양의 로보트 도라에몽  귀가 없는 이 고양이를 닮은 로봇 도라에몽 덕분에 진구는 차츰 용기 있고 씩씩한 소년으로 변해간다 
179,마음의 소리 시즌  ,일상,서울시 은평구 연신내 평범한 가정집  이곳에 범상찮은 가족들이 살고 있다   트레이드 마크인 노란색 옷과 각진 얼굴  사건의 중심에 서 있는 한 사람  기발한 장난기로 다른 사람들을 당황하게 만들고 많은 난관들을 특유의 엉뚱함을 훌쩍 넘어가 버리는 별난 성격의 소유자 주인공  조석   파란 모자와 파란 속옷만을 고집하며 중국에 살지만 한국을 옆집 드나들 듯 하는 미스터리한 조석의 형  조준   가부장적이지만 잘 삐치는 소심한 성격의 아버지와 멀쩡한 물건을 완전히 망가지게 만드는 마이너스의 손을 가진 기계치 어머니  그리고 현모양처가 꿈이지만 핵폭탄 수준의 요리가 취미인 조석의 여자친구  애봉이 까지  평범함과는 거리가 먼 예측 불가능 요절복통 코미디가 시작된다 
180,우당탕탕 괴짜가족,일상,이 이야기는 지극히 평범한 동네에 지극히 평범한 한 가정에 지극히 평범한 생활을 있는 그대로 엮은 가슴 따뜻한 휴먼 스토리입니다  거짓말 같으시다고요  일단 한번 보시죠  절대로 책임  못 집니다 
181, 더빙  인간계 생활기록,일상,신선 아버지와 요괴 어머니 사이에서 태어난 평범한 인간  소모정은 스마트폰 신선 천기성과 고양이 요괴 지괴성에게 인간 세상을 체험시켜 주는 임무를 맡게 된다  온갖 물건의 신선들과 요괴가 가득한 요절복통 일상 동거 코미디 
182,신 도라에몽  기,일상,아주 허약하고 겁많은 초등학생 진구는 하루하루를 의미없이 살아간다  퉁퉁이과 비실이에게 괴롭힘을 당하던 어느 날    세기에 사는 진구의 자손이 도라에몽을 보낸다  책상 서랍에서 타임머신을 장착하고 튀어나온 고양이 모양의 로보트 도라에몽  귀가 없는 이 고양이를 닮은 로봇 도라에몽 덕분에 진구는 차츰 용기 있고 씩씩한 소년으로 변해간다 
183,검정고무신  기,일상,    년대 서울 변두리가 배경   대가 모여 사는 대가족 집안의 두 아들  초등학생 기영이와 까까머리 중학생 기철이가 주인공들이다  장난꾸러기지만 제법 철이 든 초등학생 기영이와 사춘기 감성에 젖어 여학생에 한눈을 파는 푼수 중학생 기철이의 캐릭터가 묘한 조화를 이룬다  검정고무신의 주요무대는 주인공들이 속해있는 가족과 학교의 두 축으로 이루어져 있다  모두다 가난했던 시절  집안에서 일어나는 가족간의 사랑과 갈등  일상생활들  학교 교실에 일어나는 코믹한 에피소드들  동네 골목에서의 놀이 등이 보는 이로 하여금 추억에 젖게 하면서도 잔잔한 감동을 느끼게 한다 
184,신 도라에몽  기,일상,인기 시리즈 도라에몽이 새로운 그림체와 새로운 이야기로 돌아온다  아주 허약하고 겁많은 초등학생 진구는 하루하루를 의미없이 살아간다  퉁퉁이과 비실이에게 괴롭힘을 당하던 어느 날    세기에 사는 진구의 자손이 도라에몽을 보낸다  책상 서랍에서 타임머신을 장착하고 튀어나온 고양이 모양의 로보트 도라에몽  귀가 없는 이 고양이를 닮은 로봇 도라에몽 덕분에 진구는 차츰 용기 있고 씩씩한 소년으로 변해간다 
185,극장판 짱구는 못말려   기   폭풍을 부르는 금창의 용사,일상,어둠의 세계  돈 크라이의 제왕  아세 다크 다크 는 인간세계를 지배하려는 음모를 꾸민다  돈 크라이의 세계에는 어둠을 제거하는  세 개의 보물 과  용사 가 있다는 전설이 내려오고 있는데  다크는  세 개의 보물  중 하나인  청동방울 을 차지한다  그리고 나머지 두 개의 보물인  금창 과  은방패 를 빼앗으려고 하지만  그 계획을 알아차린 또미의 아버지가 그것을 인간세계로 보낸다  한편 그 무렵 짱구는 백화점에서 새로 나온 액션가면 장난감   액션 소드 를 산다  그런데 집에 와서 확인하자 액션 소드가 자로 변해 있는 게 아닌가  그리고 며칠 후  짱구는 유치원에서 집에 가는 길에 검둥이를 주워서 집에서 기르기로 했다  그날 밤  잠에서 깬 짱구는 갑자기 집을 찾아온 푸리링이라는 여성의 부탁을 받고 함께 비디오대여점으로 향한다  하지만 푸리링의 정체는 다크의 부하였던 것이다  푸리링의 음모에 빠진 짱구는 인간세계와 돈 크라이를 연결하는 문을 열게 된다  다음날  짱구가 연 문에서 인간세계로 어둠이 흘러들고  그 영향으로 지구에는 수많은 위기가 밀어닥친다  그때 짱구 앞에 또미라는 소녀가 나타난다  그녀는 짱구에게  선택받은 자 라고 말하며  짱구를 지켜주겠다고 말한다  짱구는 또미와 함께 다크와 싸우기로 결심하는데   
186,나츠메 우인장 OVA    야옹 선생과 첫 심부름,일상,나츠메 우인장     야옹 선생의 첫 심부름 
187,BanG Dream  FILM LIVE,일상,하나사키가와 여학원에서 결성된 걸즈 밴드              다섯 명의 소꿉친구가 연주하는 정통파 걸즈 록           기획사의 의향으로 만들어진 아이돌 밴드                 중후한 세계관으로 매료시키는 본격파 밴드         세계를 미소짓게 만들기 위하여 행복감 넘치는 멜로디를 전해주는 헬로  해피 월드   개의 밴드가 향하는 다음 스테이지는     뱅드림 첫 극장 라이브 애니메이션                       개최 
188,프라오레  PRIDE OF ORANGE,일상,마음의 유대로 퍽을 연결해라   닛코시에 근거지를 둔 아이스하키 팀 드림 몽키즈  그 드림 몽키즈가 개최하는 체험 교실의 문을 두드린 것은 닛코시에 사는 중학생 마나카와 그녀에게 끌려온 동생 아야카와 소꿉친구인 카오루코와 마미  체험 교실에는 같은 참가자인 리코와 나오미도 있었다  연습 후 모두 아이스하키의 매력에 푹 빠져버려  다음 주에도 참가하자 라고 말할 정도였다  결국 감독인 요코의 제안으로 마나카  아야카  카오루코  그리고 리코와 나오미는 드림 몽키즈에 정식으로 입단하기로 한다  그러던 중 강호 팀인 쿠시로 스노우 화이트 소속의 유명한 선수인 유우가 팀을 탈퇴하기만 하는 게 아니라 아이스하키도 그만둘 결심을 하고 할머니가 살고 있는 닛코시로 오게 되는데   두 번 다시 링크에 설 일은 없어  그렇게 생각하던 유우를 다시 링크에 돌아오게 한 것은 요코와 마나카 일행이었다  이렇게 유우를 맞이한 드림 몽키즈  연습 시합  합숙 등을 함께하면서 모두 각자 성장했고 팀은 한마음이 되었다   마음의 유대로 퍽을 연결해라  를 구호로  대회에 출전한 드림 몽키즈  과연 그 결과는   이것은 소녀들의 땀과 눈물의 성장 이야기이다 
189,신 도라에몽  기,일상,인기 시리즈 도라에몽이 새로운 그림체와 새로운 이야기로 돌아온다  아주 허약하고 겁많은 초등학생 진구는 하루하루를 의미없이 살아간다  퉁퉁이과 비실이에게 괴롭힘을 당하던 어느 날    세기에 사는 진구의 자손이 도라에몽을 보낸다  책상 서랍에서 타임머신을 장착하고 튀어나온 고양이 모양의 로보트 도라에몽  귀가 없는 이 고양이를 닮은 로봇 도라에몽 덕분에 진구는 차츰 용기 있고 씩씩한 소년으로 변해간다 
190,극장판 왕실교사 하이네,일상,그란츠라이히 왕국의 왕자  명은 차기 국왕을 목표로 왕실교사 하이네 비트겐슈타인의 지도하에 많은 역경을 뛰어넘고  때로는 방황하면서도 조금씩 성장하였다  그런 그들의 앞에 나타난 것은  로마노 왕국에서 온 쌍둥이 왕자 이 왕자들은 귀여운 외모와는 반대로 극도의 성향     전대미문의 위기에 하이네와  명의 왕자들이  교육적 지도   
191,뉴 꾸러기 닌자 토리 리턴즈,일상,줄거리 정보가 없는 작품이에요 
192,나츠메 우인장   이시오코시와 수상한 방문자,일상,잠시 외출하고 오겠다며 나간 야옹 선생이 며칠째 돌아오지 않자 걱정되는 마음에 나츠메는 야옹 선생을 찾아 나선다  그러던 중 우연히 숲에서  이시오코시 라는 존재를 만나게 되고  나츠메는 그를 노리는 수많은 방해세력에 맞서 함께 싸워주기로 한다  한편  야옹 선생은 중급들과 함께  이시오코시 의 역할을 가로채 술 포상을 받기 위해 혈안이 돼 있는데 
193,플래그 타임,일상, 분 동안  널 마음대로 하게 해줘  누구와도 엮이고 싶지 않아  엮이지 않을 거야  다른 사람과 사귀는 것이 서투른 미스즈  어느 날  반 최고 미소녀인 무라카미에게 비밀을 들키고 마는데   
194,아이돌 마스터 신데렐라 걸즈 극장  기,일상,신데마스 비하인드 스토리를 다룬 초단편 애니  기 
195,BanG Dream  걸파 피코 곱빼기,일상,밴드걸들의 숨겨진 성지 라이브 하우스  서클 을 무대로 작아진 뱅 드림 캐릭터들이 재집결                                                         헬로  해피 월드   친숙한 멤버들이 다시 찾아온 서클의 위기에 맞서거나 맞서지 않거나  더욱 활기를 더해가는 폭소 걸즈 밴드 코미디
196,아이돌 마스터 신데렐라 걸즈 극장 CLIMAX SEASON,일상,오래 기다리셨습니다  프로듀서씨  호평 속에 배포중인 아이돌 프로듀스게임  아이돌 마스터 신데렐라 걸즈  그 게임 속에서 전개되었던  신데렐라 걸즈 극장 이   애니메이션으로서 새롭게 등장  아이돌들이 휴일을 보내는 방법이나 코믹한 연극 등 다채롭게 보내드리는 하이텐션 쇼트 애니메이션  드디어 개막합니다 
197,핑구 시즌  ,일상,핑구는 가족과 함께 작은 마을에서 큰 도시로 이사를 왔다  그는 요리사  플로리스트  목수 등 흥미로운 일을 하면서 많은 펭귄들을 만난다  핑구는 그들에게 도움을 주려고 하지만 때때로 그의 짓궂은 장난은 그들를 곤란에 빠뜨린다  하지만 그의 강인한 정신과 재치 덕분에 항상 그들을 구하는데  
198,치미모,일상, 무츠미    하즈키    메이  세 자매가 살고 있는 오니가미 집안   어느 날  세 자매의 앞에 나타난  지옥 씨 와   마리의 귀여운 생물   치미모   그들은 지옥의 사자였다  그들의 목적은 무려  인간계를 지옥으로 만드는 것 이었다  오니가미 집안에 더부살이하는 데 성공한 지옥 씨와 치미모들  이곳을 거점으로 해서 지옥화 계획을 실행하려고 했지만    세 자매에게 좋을 대로 부려 먹히고 매일 휘둘리기만 하는 지옥 씨  귀여움 받으며  완전히 반려동물 취급을 받는 치미모  지옥화 계획은 좀처럼 진행되지 않는다    상상 이상으로 험난한 인간계에 악전고투하면서 지옥에서 성과 보고를 요구하는 상사의 전화에 고민하면서 이러지도 저러지도 못하는 지옥 씨  스스로 지옥을 맛보게 되었는데   
199,옷코는 초등학생 사장님 ,일상,초등학생 옷코는 사고로 부모님을 잃고 할머니가 운영하는  봄의 집  여관에서 새로운 생활을 시작한다  새 주인이 나타났다는 소식에 들뜬 유령들  학교 생활에 유령 상대까지 정신없는 가운데  봄의 집 에는 저마다의 사연을 지닌 손님들이 줄을 잇기 시작하는데 
200,안녕  나의 크라머,일상,여고생 축구 플레이어  온다 노조미   그녀는 후지제일중학교 남자 축구부에서의 도전을 거쳐  진 학처의 와라비 세이난 고등학교에서 대망의 여자 축구부에 입부한다  하지만  그곳은 계속 지방대회에서 멈춘 약소학교였다   그런데 와라비 세이난에는 개성파 신입부원이 모인다  준족의 날개  스오우 스미레 와 중학생 전국  위의 볼란치 수비형 미드필더   소시자키 미도리   코 치는 전 일본 대표의 레전드  노우미 나오코 가 가입  노미는 그녀들의 첫 경기에 최고의 연습 경기를 준비한다  그 상대는 고등학교 일본 제일의 쿠노기 학원  차례차례로 나타나는 강호 팀을 앞에 두고  와라비 세이난은 동료와 함께 대항해 간다  혼자라도  이해되지 않더라도  남자와 비교를 당해도  진심으로 축구를 좋아하니까  만나야 했기에 만났던  순진 일레븐이 지향하는 풋볼의 정점  지금  소녀들은 여자 축구의 미래  필드 를 향해 달려 나간다 
201,연애 하루 전 시즌  ,일상,대학 선배를 짝사랑하는 발랄한 성격의 이여름  그런 여름이를 오래도록 짝사랑한 순정남 김욱  여름이의 대학 동기이자 연우가 신경 쓰이는 연상녀 백하은  시크하지만 하은을 은근히 챙기는 연하남 이연우   명의 주인공이 이끌어가는 청춘 로맨스 애니메이션
202,교토탐정 홈즈,일상,교토의 테라마치 산죠 상점가에 있는 골동품점  쿠라   여고생  마시로 아오이 는 엉뚱한 사건을 계기로  골동품점  쿠라 의 점장 아들  야가시라 키요타카 와 알게 되어 그곳에서 아르바이트를 시작하게 된다  키요타카는 언행과 태도는 매우 상냥하지만 무서울 정도로 예리한 관찰력을 가져  홈즈 라고 불리고  아오이는 키요타카와 함께 손님들이 가지고 오는 골동품에 얽힌 여러 의뢰를 받게 된다 
203,마이 리틀 포니  ,일상,귀여운 포니 친구들과 환상의 나라로 떠나자  셀레스티아 공주가 다스리는 이퀘스트리아의 포니 마을에서  우정에 대해 배우라는 지침을 받은 유니콘 포니 트와일라잇 스파클과 다섯 명의 포니가 가까운 친구가 되면서 우정에 생긴 문제들을 함께 해결해 나가는 모험담
204,연애 하루 전 시즌  ,일상,대학 선배를 짝사랑하는 발랄한 성격의 이여름  그런 여름이를 오래도록 짝사랑한 순정남 김욱  여름이의 대학 동기이자 연우가 신경 쓰이는 연상녀 백하은  시크하지만 하은을 은근히 챙기는 연하남 이연우   명의 주인공이 이끌어가는 청춘 로맨스 애니메이션
205,검정고무신  기,일상,    년대 서울 변두리가 배경   대가 모여 사는 대가족 집안의 두 아들  초등학생 기영이와 까까머리 중학생 기철이가 주인공들이다  장난꾸러기지만 제법 철이 든 초등학생 기영이와 사춘기 감성에 젖어 여학생에 한눈을 파는 푼수 중학생 기철이의 캐릭터가 묘한 조화를 이룬다  검정고무신의 주요무대는 주인공들이 속해있는 가족과 학교의 두 축으로 이루어져 있다  모두다 가난했던 시절  집안에서 일어나는 가족간의 사랑과 갈등  일상생활들  학교 교실에 일어나는 코믹한 에피소드들  동네 골목에서의 놀이 등이 보는 이로 하여금 추억에 젖게 하면서도 잔잔한 감동을 느끼게 한다 
206, 더빙  마루코는 아홉살   part  ,일상,호기심 많고 왈가닥인 아홉 살 꼬마 마루코는 만화를 무척 좋아하는 말괄량이 여자아이다  할아버지  할머니  아빠  엄마  언니와 함께  대가 모여 살고 있다  학교에서는 타마와 가장 친하지만 그 외의 친구들도 아주 많다 
207,비밀결사 매발톱단 시즌 ,일상,감독  작화  성우까지 프로그맨 혼자 제작한 약빤 애니메이션 지금 시작한다  어딘가 나사 빠진 듯한 비밀결사 매의 발톱단  이들의 목표는 세계정복  그러나 항상 다양하고 기발한 작전을 생각해내도 정의의 사자인 디럭스 파이터에 의해 실패한다  하지만 그런다고 포기할 비밀결사 매의 발톱단이 아니다  세계정복을 향한 매의 발톱단의 노력은 오늘도 계속된다 
208,츠쿠모가미 빌려드립니다,일상,다양한 물건을 빌려주는 손료점 이즈모야를 운영하는 오코와 세이지 남매  이곳은 만들어진지 백 년 이상이 지나 영혼이 깃든  일종의 요괴인 츠쿠모가미를 빌려주는 특별한 손료점이다 
209,케모노 프렌즈  기,일상,줄거리 정보가 없는 작품이에요 
210,논논비요리   베케이션,일상,아사히가오카 분교의 전교생은 단  명  학년도 성격도 모두 다르지만 항상 같은 교실에서 사계절을 함께하며 여유로운 시골 라이프   를 즐기고 있다  어느 날 백화점 이벤트에서 특상에 당첨되어 오키나와 여행권을 받게 된 아사히가오카 분교생들  여름방학이 끝나기 전  다 같이 모여 부푼 마음을 안고 오키나와로 떠나는데    느리고 소소하지만 웃음  감동  따뜻함이 한가득   논논비요리 의 소녀들이 보내는 일상 속 특별함을 만나 보자 
211, 더빙  열려라  코코밍,일상,초등학교  학년 여자아이 하루나는 어느 날  소중히 간직하던 벚꽃잎이 들어있는 리본에서 태어난  코코밍 과 만나게 된다  코코밍의 이름은 리본  루나가 리본을 만진 그 때  신비한 일이 벌어진다  신기한 열쇠를 갖고 코코밍과 함께 행복의 문을 열 수 있다는 특별한 인간 루나는 전설의 계약자인 것일까 
212,극장판 주문은 토끼입니까   Dear my sister ,일상,카페 래빗 하우스에 찾아온 코코아  토끼 간판에 이끌려 들어간 그 가게가 바로 코코아가 하숙할 집이었다  리제  치야  샤로와 금세 친해진 코코아는  목조 마을 의 일원이 되어 래빗 하우스의 외동딸 치노를 친동생처럼 예뻐한다  그렇게 맞이한 두 번째 여름  올해도 친구들과 많은 추억을 만들고 싶은 코코아가 의미심장한 표정으로 캐리어를 들고 역 플랫폼에 서 있다  코코아는 대체 어디에 가는 걸까  마야와 메구도 놀러 와서 즐거운 시간을 보내지만 코코아가 없으니 왠지 좀 허전한 래빗 하우스  그러던 중 치노는 조금 용기를 내어 다 같이 불꽃 축제에 갈 것을 제안해 보는데   
213,연애 하루 전 ZERO,일상,높이뛰기 유망주인 김욱  그런 욱이와 뜻밖의 동거를 하게 된 이여름  연애하루전 시즌    의 주인공인 김욱과 이여름의 고등학생 시절 이야기
214,검정고무신  기,일상,가난했지만 행복했던     년대     년대를 배경으로 기영이와 기철이 형제의 풋풋한 성장 이야기를 들려주는 가족 애니메이션이다  따뜻한 웃음과 감동  잔잔한 향수를 불러일으키고 풍부한 감성을 자극하는 재미있는 소재로 아이들은 물론 그 시대를 살아온 어른들에게도 삶의 여유를 던진다  꿈을 먹고사는 개구쟁이 초등학생 기영이와 언제나 여학생들에게 관심이 많은 사춘기 중학생 기철이의 순수하면서도 유쾌 발랄한 캐릭터는 잊혀져가는 가족관계의 힘찬 복원을 드러내는 동력이 된다  결코 평범하지 않으면서도 즐거운 일상의 이야기 소재들로 우리가 살아왔던 지난 시간의 희로애락을 그려내고 있다   할아버지 할머니 어렸을 적에 신으셨던 추억의 검정고무신   엄마 아빠도 어릴적 신던 헐렁하고 못생긴 검정고무신   지금 다시 생각해보면 웃지못할 이야기  정다운얘기   검정고무신    
215,된다  뭐든 ,일상,매일매일 버라이어티 예측불허 각양각색 좌충우돌  일상 코믹 청춘시트콤  별스타그램과 너튜버를 누비는 만년유망 크리에이터  된다   조회수와 댓글  구독자수에 일희일비하면서도 긍정모드     로 창작활동에 매진 중이다  하지만 언제나 실수연발  분실연발인데다 팔랑귀이기까지 해 방안은 늘 물건의 숲 상태  좌충우돌 된다의 앞날은 그녀 자신조차 예측할 수 없다  그런 그녀에게 소속사가 생겼다    소속 크리에이터는 된다 한 사람 뿐이지만   된다는 과연 뜰 수 있을까  매일매일 예측불허로 펼쳐지는 된다와 친구들의 청춘 라이프  우리 모두 결국  언젠가는  반드시  된다 
216,안녕 자두야  기,일상,안녕 자두야는 엄마 어렸을 적 이야기로  온가족이 볼 수 있는 명랑코믹 애니메이션입니다  말괄량이 초등학생 자두를 주인공으로 한 다섯 가족의 유쾌하고 가슴 따뜻한 이야기입니다 
217,안녕  보노보노  기,일상,너무도 당연한 현상에 대해 특유의 느린 사고방식과 행동으로 근원적인 질문을 던져 주변을 난처하게 만드는 주인공  보노보노 와 늘 괴롭힘 당하지만 사실 빈틈 없는  포로리   그리고 포로리의  나 때릴 거야  라는 의문에 대해 즉시 행동으로 보여주는 짓궂지만 마음은 따뜻한 너구리  너부리 가 펼치는 느리지만 따뜻한 숲 속 이야기
218,극장판 짱구는 못말려   기   격돌  낙서왕국과 얼추 네 명의 용사들,일상,아이들의 낙서가 사라져 붕괴 위기에 처한 낙서왕국은 낙서 에너지를 모으기 위해 지구 침공을 시작한다  낙서왕국의 위험한 작전을 막기 위해 지상의 용사로 선택 받은 짱구는 그림에 생명을 불어넣는  미라클 크레용 을 얻게 된다  쓰윽 쓰윽  그려 그려   짱구가 미라클 크레용으로 그림을 그리자 브리프  가짜 이슬이 누나  부리부리 용사가 스케치북 밖으로 튀어나오는데    과연  크레용 용사 짱구는 낙서 용사들과 함께 위험에 빠진 떡잎마을과 세계를 구할 수 있을까  
219,안녕  보노보노  기,일상,우리의 귀여운 해달 보노보노  사랑스러운 다람쥐 포로리 그리고 때로는 난폭하지만 반전 매력이 있는 라쿤 너부리의 숲 속 생활 이야기 
220,붕괴 rd   발키리 s 키친,일상,발키리들의 일상을 그린 단편 애니메이션
221,라바 시즌  ,일상,인간들이 사는 세상세어 끊임없이 무엇인가 떨어진다  씹다 버린 껌  먹다 버린 아이스크림  동전  반지 등등  작고 귀여운 애벌레 레드와 옐로우는 이 모든 것이 신기하다  때론 이 물건들로 인해 곤란해지기도 하고 행복해지기도 하며 떨어진 물건을 차지하기 위해 티격태격 싸우기도 한다  워낙 작은 존재라 빗방울  추위 등으로 인해 엄청난 위기상황에 던져지기도 하는데 
222,마이 리틀 포니  ,일상,귀여운 포니 친구들과 환상의 나라로 떠나자  공주가 된 트와일라잇을 도와주세요  갑작스럽게 찾아온 변화에 적응을 하지 못하는 트와일라잇  공주가 된 사실이 얼떨떨하기만한데  과연 포니빌 친구들은 새로운 공주를 도와 행복하게 살아갈 수 있을까  트와일라잇이 공주로서 해야 하는 일은 과연 무엇일까 
223,마이 리틀 포니  ,일상,귀여운 포니 친구들과 환상의 나라로 떠나자  셀레스티아 공주가 다스리는 이퀘스트리아의 포니 마을에서  우정에 대해 배우라는 지침을 받은 유니콘 포니 트와일라잇 스파클과 다섯 명의 포니가 가까운 친구가 되면서 우정에 생긴 문제들을 함께 해결해 나가는 모험담
224,마이 리틀 포니  ,일상,트와일라잇 스파클은 이퀘스트리아에서 가장 똑똑한 유니콘이지만  마법 공부보다 더 중요한 게 있다는 사실은 모르고 있었답니다  그래서 셀레스티아 공주님께서 트와일라잇에게 포니빌에 가서 친구를 사귀라고 말씀해 주셨어요  포니빌에 간 트와일라잇은 레인보우 대시  핑키 파이  애플잭  레리티  그리고 플러터샤이를 만났어요  포니 친구들은 신나는 모험을 함께 떠나며 우정에 대한 중요한 교훈을 배우고  이 세상에서 가장 강력한 마법은 바로 우정이라는 사실을 깨닫게 된답니다 
225,마이 리틀 포니  ,일상,트와일라잇 스파클은 이퀘스트리아에서 가장 똑똑한 유니콘이지만  마법 공부보다 더 중요한 게 있다는 사실은 모르고 있었답니다  그래서 셀레스티아 공주님께서 트와일라잇에게 포니빌에 가서 친구를 사귀라고 말씀해 주셨어요  포니빌에 간 트와일라잇은 레인보우 대시  핑키 파이  애플잭  레리티  그리고 플러터샤이를 만났어요  포니 친구들은 신나는 모험을 함께 떠나며 우정에 대한 중요한 교훈을 배우고  이 세상에서 가장 강력한 마법은 바로 우정이라는 사실을 깨닫게 된답니다 
226,취성의 가르간티아   판권 부활,일상,전쟁 밖에 모르던 우주의 소년  그가 처음으로 만난 바다와 사람들  그리고 이야기는 시작된다  머나먼 미래  아득한 우주의 심연  거대 세력  인류은하동맹 을 지닌 인류는 종족의 존망을 걸고 우주생물  히디어즈 와 전쟁을 벌이고 있었다  이형의 천적을 상대로 패전을 거듭하던  인류은하동맹 은 건곤일척의 반격을 시도한다  그 작전 중  소년병사 레도는 인간형 기동병기 체임버와 함께 불규칙 워프 사고에 휘말린다  그가 표류한 곳은 비취색 바다로 뒤덮인 변경의 행성인 지구  멸망한 것으로 알려진 세계에서 살아가던 사람들과의 만남은 싸움밖에 모르던 소년에게 무엇을 가져다줄 것인가  
227,반지의 비밀일기 part  ,일상,몰래 남의 일기를 보는 재미만큼 기가 막힌 것은 없을 것이다  호용이가 있어도 역쉬나 변함없는    우리의 반지는 이제 은밀한 사생활까지 즐거이 얘기하고 다니게 된다  더욱 재미있어진 친구들과 함께 말이다  엉뚱함의 강도를 확 높여버린 우리의 반지   잠시 호용이를 두고 딴 남에게 맘을 주는 등 역시나 우리의 기대를 져버리지 않는 반지의 대활약이 한술 더 뜨는 친구들과 과감하게 펼쳐진다  
228,마이 리틀 포니  ,일상,트와일라잇 스파클은 이퀘스트리아에서 가장 똑똑한 유니콘이지만  마법 공부보다 더 중요한 게 있다는 사실은 모르고 있었답니다  그래서 셀레스티아 공주님께서 트와일라잇에게 포니빌에 가서 친구를 사귀라고 말씀해 주셨어요  포니빌에 간 트와일라잇은 레인보우 대시  핑키 파이  애플잭  레리티  그리고 플러터샤이를 만났어요  포니 친구들은 신나는 모험을 함께 떠나며 우정에 대한 중요한 교훈을 배우고  이 세상에서 가장 강력한 마법은 바로 우정이라는 사실을 깨닫게 된답니다 
229,에그엔젤 코코밍 part  ,일상,초등학교  학년인 한미소는 매사에 서툴긴 하지만 물건을 소중히 하는 소녀  어느 날 미소가 어릴 때부터 소중히 써왔던 색연필에서 코코밍이 태어난다  그 이후 피아노  책  텔레비전  화장품 등에서 여러 코코밍들이 생겨나는데  코코밍은 인간에게 모습을 들키면 원래의 물건으로 되돌아가야 한다는 규칙이 있다  과연 미소와 코코밍들은 사람들 눈에 띄지 않고 사이좋게 지낼 수 있을까  또  코코밍하우스의 식구들은 어디까지 늘어날까 
230,마이 리틀 포니  ,일상,트와일라잇 스파클은 이퀘스트리아에서 가장 똑똑한 유니콘이지만  마법 공부보다 더 중요한 게 있다는 사실은 모르고 있었답니다  그래서 셀레스티아 공주님께서 트와일라잇에게 포니빌에 가서 친구를 사귀라고 말씀해 주셨어요  포니빌에 간 트와일라잇은 레인보우 대시  핑키 파이  애플잭  레리티  그리고 플러터샤이를 만났어요  포니 친구들은 신나는 모험을 함께 떠나며 우정에 대한 중요한 교훈을 배우고  이 세상에서 가장 강력한 마법은 바로 우정이라는 사실을 깨닫게 된답니다 
231, 더빙  꼬마마법사 레미 샵,일상,마법사 승급 시험을 보러 갔다 우연히 발견한 예쁜 꽃을 마법당에 가져온 폿프 또미   그런데 그 꽃은 무슨 소원이든 들어주는 신기한 힘을 가진 꽃이었다  의도치 않게 소원을 빈 폿프와 레미 자매 앞에 엄청난 일이 벌어지고 마는데   
232,극장판 뽀로로의 대모험,일상,크리스마스 이브  뽀로로와 친구들이 독감에 걸린 산타 할아버지를 대신해 심부름을 하게 됩니다   쿠키 캐슬 에 사탕 토핑을 전달하게 된 뽀로로와 친구들은 겨울 마녀에게 토핑을 빼앗길 위기에 처하는데  뽀로로와 친구들은 푸짐한 선물이 있는 행복한 크리스마스를 맞을 수 있을까요 
233,어그레츠코   회사는 열바다,일상,대기업 무역회사 경리부에서 일하고 있는 레서판다  레츠코 는 커리어우먼의 삶을 동경하면서 대기업 계약직 사원으로 입사했지만  현실은 갑질하는 상사와 스트레스를 유발하는 직장 동료들에 둘러싸여 힘든 나날을 보내고 있다  평소에는 온순한 얼굴로 회사 생활을 하고 있지만  화가 쌓이면 참지 못하고 혼자 노래방에서 메탈을 부르며 스트레스를 푸는 반전 매력을 선보인다 
234,롱 라이더스 ,일상,대학생  학년인 쿠라타 아미는 어느날 우연히 본 작은 접이식 자전거를 보고 한 눈에 반해버린다  이후 아미는 과감하게 자전거를 구입하고는 사이클링 경험이 있는 소꿉친구 니이가키 아오이와 함께 자전거 라이딩을 하면서 자전거의 세계로 빠져드는데               
235, 자막  꼬마마법사 레미 샵,일상,   년에 한 번  마녀의 장미 나무  위치 퀸 로즈 에서 강력한 마력을 가진 마법계 아기가 태어난다  도레미들은 수정 구슬을 몰수당하고 마녀 자격을 박탈당한다  도레미들은 마녀계로 돌아간 마조리카의 분실물을 보내러 가고 있었는데  마녀계의 여왕에 의해  위치 퀸 로즈 에서 마법계 아기가 태어날 때  도레미들이 아기를 받게 된다  그렇게 도레미와 친구들은 아기의 엄마가 돼버린다  여왕은 마법계 아기  하나 를  년 동안 무사히 기른다면 수정 구슬을 돌려줄 것이라고 말한다  또한 마조하트의 검진을 낙제당하면 친권이 박탈당하고 만다  그렇게 도레미와 친구들은 하나의 보호자 역할을 수행하는데 하나를 노리는 마법사들  마법사계와 마녀계의 전쟁  그리고 저주의 숲에 사는 전전대 여왕의 저주      도레미들과 하나의 운명은  
236,반지의 비밀일기  ,일상,반지와 친구들의 두번째 엽기 발랄 성장 일기  엄마한테 혼나도  시험을 못 봐도 뒤 돌아서면 싹  잊어 버리는 울트라 초긍정 소녀  반지   개성만점 단짝 친구  응심    냠냠 이와 사랑하는  가족   그리고 세상에서 제일 멋진 남친  호용  이가 있기에 반지의 일상은 언제나 기승전          이름처럼 달콤한 마을 스트로베리에서 벌어지는 반지와 친구들의 귀엽고 사랑스러운 성장기  오늘은 또 어떤 사고로 우리를 행복하게 할지는 비밀 
237, 더빙  쥬얼펫   스위트 댄스 프린세스   판권 부활,일상,위기에 빠진 스위트랜드  쥬얼펫과 함께 스위트파워를 지켜내자  쥬얼펫들은 이웃왕국 스위트랜드 슈가공주의 생일파티에 초대 받는데  축하공연으로 댄스를 준비한 쥬얼펫들은 거기서 스위트펫들을 만나 친구가 된다  그런데 공주에게 청혼을 거절당한 크렘 브륄레 공작이 젤리로 만든 캡슐에 먹보 스위트펫인 구미밍을 넣어 파티장으로 대포를 발사해 생일케이크를 모두 먹어버리게 하자 공주의 생일파티는 이틀 후로 연기되면서 스위트펫과 쥬얼펫들은 구미밍을 데리고 스위트랜드의 이곳저곳을 둘러보기로 한다  하지만 이 모든 것이 크렘 공작이 전설의 스위트펫 구미밍을 시켜 스위트랜드와 슈가공주의 스위트파워를 파괴하려는 엄청난 음모로 구미밍이 왕국의 랜드마크인 캔디타워까지 먹기 시작하고 무너진 타워의 조각을 먹은 구미밍은 갑자기 커다란 괴물로 변해 스위트랜드를 위기로 몰아넣는데  
238,비밀결사 매발톱단 시즌   KR ,일상, 시즌   감독  작화  성우까지 프로그맨 혼자 제작한 약빤 애니메이션 지금 시작한다  어딘가 나사 빠진 듯한 비밀결사 매의 발톱단  이들의 목표는 세계정복  그러나 항상 다양하고 기발한 작전을 생각해내도 정의의 사자인 디럭스 파이터에 의해 실패한다  하지만 그런다고 포기할 비밀결사 매의 발톱단이 아니다  세계정복을 향한 매의 발톱단의 노력은 오늘도 계속된다 
239,에그엔젤 코코밍 시즌 ,일상,초등학교  학년인 한미소는 매사에 서툴긴 하지만 물건을 소중히 하는 소녀  어느 날 미소가 어릴 때부터 소중히 써왔던 색연필에서 코코밍이 태어난다  그 이후 피아노  책  텔레비전  화장품 등에서 여러 코코밍들이 생겨나는데  코코밍은 인간에게 모습을 들키면 원래의 물건으로 되돌아가야 한다는 규칙이 있다  과연 미소와 코코밍들은 사람들 눈에 띄지 않고 사이좋게 지낼 수 있을까  또  코코밍하우스의 식구들은 어디까지 늘어날까 
240,세상에서 제일 작은 남자,일상,세상에서 제일 작은 남자 는 키가      밖에 되지 않지만  그 누구보다 크고 넓은 마음을 가지고 있다  몸에 꼭 맞는 옷도  머리에 딱 맞는 모자도 찾기가 쉽지 않지만  자신의 작은 몸을 특별하게 여기고 사랑한다  그가 세상을 바라보는 긍정적인 시선과 그의 재밌는 하루를 함께 들여다보자 
241,핑구 시즌  ,일상,핑구는 가족과 함께 작은 마을에서 큰 도시로 이사를 왔다  그는 요리사  플로리스트  목수 등 흥미로운 일을 하면서 많은 펭귄들을 만난다  핑구는 그들에게 도움을 주려고 하지만 때때로 그의 짓궂은 장난은 그들을 곤란에 빠뜨린다  하지만 그의 강인한 정신과 재치 덕분에 항상 그들을 구하는데  
242, 더빙  코코몽  기,일상,냉장고 문이 닫히면 음식들이 움직이기 시작한다  얼음물고기에 의해서 생명력을 얻게 된 코코몽과 친구들  소시지 원숭이  코코몽   계란 토끼  아로미  등등  코코몽과 친구들이 떠나는 신나고 유쾌한 모험의 세계가 펼쳐진다  
243,ARIA The AVVENIRE,일상,          운하를 지나던 중 아이카  아리스와 기적처럼 짧은 순간 마주치게 된 아카리  과거 아리시아의 생일에도 벌어졌던 기적에 대해 떠올린다            곤돌라 연습 중 캐트시의 그림자를 목격한 아이  기적같은 체험에 잔뜩 신난 아이에게 아카리는 캐트시와 만났던 이야기를 들려준다            함께 프리마 운디네가 되길 꿈꾸는 아이  아즈사  아냐  세 사람은 선배들에게 감사한 마음을 담아 모두가 모이는 기적을 준비한다 
244,톰 소여의 모험,일상,마크 트웨인의 소설을 원작으로 만든 추억의 명작 애니메이션  미국 미시시피에 사는 건강한 소년 톰 소여  톰은 공부 같은 것은 취미 없고 폴리이모가 시킨 일은 게으름 피우며 하지 않거나 온 동네를 휩쓸며 짓궂은 장난을 일삼는 말썽꾸러기이다  사는 곳이 일정치 않은 자유분방한 친구 허클베리 핀 일명  허크 과의 신나는 모험이 펼쳐진다 
245,에그엔젤 코코밍 part  ,일상,초등학교  학년인 한미소는 매사에 서툴긴 하지만 물건을 소중히 하는 소녀  어느 날 미소가 어릴 때부터 소중히 써왔던 색연필에서 코코밍이 태어난다  그 이후 피아노  책  텔레비전  화장품 등에서 여러 코코밍들이 생겨나는데  코코밍은 인간에게 모습을 들키면 원래의 물건으로 되돌아가야 한다는 규칙이 있다  과연 미소와 코코밍들은 사람들 눈에 띄지 않고 사이좋게 지낼 수 있을까  또  코코밍하우스의 식구들은 어디까지 늘어날까 
246,마이 리틀 포니  ,일상,귀여운 포니 친구들과 환상의 나라로 떠나자  셀레스티아 공주가 다스리는 이퀘스트리아의 포니 마을에서  우정에 대해 배우라는 지침을 받은 유니콘 포니 트와일라잇 스파클과 다섯 명의 포니가 가까운 친구가 되면서 우정에 생긴 문제들을 함께 해결해 나가는 모험담
247,ARIA The CREPUSCOLO,일상,네오 베네치아 거리가 낙엽으로 물드는 가을  아테나는 후배 아리스가 자신과의 만남을 피하고 있다는 느낌을 받고 고민에 빠져 있다  이에 오렌지 플래닛의 아냐를 중심으로 아리아 컴퍼니와 히메야 지점의 운디네들은 아테나와 아리스  두 사람의 만남을 성사시킬 수 있는 방법을 찾기로 하는데 
248,마에세츠 ,일상,목표는  난바 그랜드 카게츠   개그맨을 지망하는  명의 어린   살의 소녀들은 밤낮으로 알바를 하면서도 열심히 개그 연습에 힘쓰고 있다   웃음으로 모두를 행복하게  모두의 행복으로 우리들도 행복해진다 라는 것을 대의명분으로 삼아 힘내보지만 좀처럼 발전이 없는  명이었다  그런  명에게는  개그계의 부도칸  난바 그랜드 카게츠의 무대에 선다 라는 목표가 있었다  하지만  우선 가까운 곳부터 다녀올까 해서 도쿄 시부야의 무한대 홀 최하층 팜 클래스 무대에 서는 것을 목표로 힘내기로 했다  그녀들의 라이벌이자 그녀들이 멋대로 그렇게 생각하는 것뿐   마후유의 여동생 마나츠와 소꿉친구인 카나리 카나에의 고등학교 선배이기도 한 현역 여자 고등학생 개그맨     쿨 을 목표로 고등학교  학년인 마나츠와 카나에도 개그맨을 꿈꾸기 시작한다  다 합쳐서  명  팀에 의한 개그 일상 분투기 
249, 자막  꼬마마법사 레미 포르테   개구리 바위의 비밀,일상,도레미들은 하나를 구하기 위해 마녀의 증표인 수정 구슬을 잃고 인간으로 돌아온다  마법게 아이는 만  세가 되면 마법유치원으로 보내지게 되어  도레미들은 하나와도 헤어지게 된다  초등학교  학년이 된 도레미들  마녀계 여왕은 도레미들에게 다시 기회를 주어 초보 마법사 자격을 준다  하지만 반대하는 원로원 마녀들의 과자 굽기 시험을 통과해야 한다  시험에 한번이라도 불합격하면 자격을 뺏기고 만다  그리고 마력의 근원인 야채를 싫어하는 저주에 걸린 하나  도레미들은 다시 마녀가 될 수 있을까 
250,파파독   개 수상한 이웃  상 ,일상,어렵게 손에 넣은 개조각상을 잃어버리고 또 다시 개가 된 파파  봉구의 부재에 천하장사 돌보기가 힘들어지자 향기는 동생인 설기에게 도움을 청한다  봉구가 해외출장에서 돌아올 때까지 설기와 같이 살 것이라는 향기  하지만 감정기복이 심한 설기의 성격을 잘 아는 파파와 별이는 설기의 등장이 마냥 달갑진 않고  파파는 최대한 빨리 사람으로 돌아가겠노라 다짐한다  한편  별이의 아파트에 낯선 가족이 이사를 온다  친절한 이미지의 강천과 그의 아들 강백  그리고 노환으로 정신이 오락가락하는 개 만수르  사실 만수르는 봉구와 똑같이 개조각상을 잃어버려 개로 변한 것이었다  이에 강천은 봉구의 개조각상을 빼앗을 계획으로 파파와 별이에게 접근해오는데  
251, 더빙  꼬마마법사 레미 포르테   개구리 바위의 비밀,일상,시골로 놀러간 마법당 멤버들은 할아버지 할머니로부터 우연히 개구리 바위 전설을 듣게 된다  웃는 달이 뜨는 밤  호기심에 개구리 바위를 찾아 아이들은 산에 들어가는데    꼬마 마법사들의 잊지 못할 여름방학 
252,비밀결사 매발톱단 시즌   MAX ,일상,세계정복의 꿈에는 한없이 멀기만 한 매발톱단  하지만 멤버들은 변함 없이 멍청하고 발전이 없다  하지만 원대한 꿈을 향한 강한 열망은 꺾일 줄을 모르는데 
253, 더빙  토끼네 집으로 오세요 시즌  ,일상,개성 강한 두 토끼 남매가 소소한 일상에서 부딪히고 그것을 스스로 풀어나가는 모습을 보여줌으로써  형제간의 우애와 자립심을 가르쳐준다  혼자 자라 이기적이기 쉬운 요즘 아이들에게 다른 친구들과 조화롭게 어울리는 법을 가르쳐줄 것이며 루비에게서는 바른 생활을 배울 수 있으며  맥스에게서는 용기와 명랑함을 배울 것이다 
254,삶은 아이돌,일상,여기 대한민국 인기 아이돌  스위트 를 좋아하는 세 명의 팬이 있다  좋아하는 아이돌이 같다는 것 빼곤 모든 게 다른 세 사람  울고 웃으며 추억을 쌓아가는 그들의 덕질 이야기 
255,마루 위 구름,일상,강아지 마루와 햄스터 구름이  그리고 주인의 소소한 일상
256,BanG Dream  FILM LIVE  nd Stage,일상,이미 익숙한                                                   헬로  해피 월드  멤버에 더해 환상적인 세계를 연주하는           최강을 내건 록 밴드               도 출연 결정  일곱 밴드가 목표로 하는  두 번째 무대 는    
257,라바 인 뉴욕 시즌   ,일상,하수구  낡은 집안 그리고 이번엔 뉴욕 스트리트  고층 빌딩 사이의 작은 집이 철거되자 한 순간에 뉴욕 거리 한복판으로 내몰린 레드와 옐로우  높고 싸늘한 도시에는 지금까진 볼 수 없었던 온갖 위험천만한 것들이 레드와 옐로우를 기다리고 있는데  매서운 추위와 폭탄 같은 빗방울부터 날카로운 쥐의 앞니와 쌍둥이 비둘기까지  먹을 것도  잘 곳도 없는 뉴욕 거리에서 레드와 옐로에겐 과연 어떤 일들이 펼쳐질까  보물창고 같은 뒷골목 쓰레기장  신나는 워터파크 분수대  알록달록 화단 등 라바의 눈으로 본 뉴욕을 배경으로 레드와 옐로  친구들의 길거리 라이프가 시작된다 
258,교향시편 유레카 세븐 하이에볼루션  ,일상, 그 때의 일  그 아이의 일  내가 본 소중한 것   지구 멸망의 위기에서 발동한 네크로시스 작전의 발안자였던 애드록 서스턴은 작전을 반대하여 구금되어 있다가 탈출  인간형 코랄리언 유레카와 함께 인류를 구하기 위해 나선다  작전의 오류를 스스로의 희생으로 막은 애드록 덕분에 인류는 멸망의 위기를 가까스로 넘기지만    한편  아버지를 잃은 랜턴은 국경도시 벨 포레스트에서 단조로운 나날을 보내고 있었다  그러던 어느날  랜턴 앞에    라는 세계에서 가장 오래된 기체 니르밧슈가 내려오고 그 조종석에서 유레카라고 지칭하는 소녀가 모습을 드러낸다 
259,비밀결사 매발톱단 시즌   NEO ,일상,비밀결사 매발톱단  기       세계정복을 꿈꾸지만 세계정복은 커녕 월세도 못내는 비밀결사단 매발톱단  매발톱단의 총통 고이즈미 은 세계정복으로 세계평화와 부의 평등을 이루려하지만 부하들한테도 구박받는 힘 없는 신세     인자 길봉태 요시다 와 메탈을 좋아하는 전투원 계약직 필립  강력한 초능력자 상보살 소년 보사츠 토우게   곰이라고 하면 폭발하는 진짜 곰 레오나르도 박사  그리고 매발톱단의 돈을 갈취하는 히어로  디럭스 파이터  이들이 함께 만들어가는 엉망진창 이야기가 펼쳐진다 
260,핑구 인 더 시티,일상,핑구는 가족과 함께 작은 마을에서 큰 도시로 이사를 왔다  그는 요리사  플로리스트  목수 등 흥미로운 일을 하면서 많은 펭귄들을 만난다  핑구는 그들에게 도움을 주려고 하지만 때때로 그의 짓궂은 장난은 그들를 곤란에 빠뜨린다  하지만 그의 강인한 정신과 재치 덕분에 항상 그들을 구하는데  
261,핑구 시즌  ,일상,핑구는 가족과 함께 작은 마을에서 큰 도시로 이사를 왔다  그는 요리사  플로리스트  목수 등 흥미로운 일을 하면서 많은 펭귄들을 만난다  핑구는 그들에게 도움을 주려고 하지만 때때로 그의 짓궂은 장난은 그들을 곤란에 빠뜨린다  하지만 그의 강인한 정신과 재치 덕분에 항상 그들을 구하는데  
262,요랑아 요랑아,일상,천상의 축제일  드디어  소원의 책 이 완성된다  그러나 천상에 사는 꼬마 여우 요랑은 실수로 소원의 책을 잃어버린다   소원의 책 은 만 년 전에 봉인된 흑여우의 봉인을 풀 수 있는 힘을 지니고 있다  책이 사라지자 천상은 흑여우의 기운으로 뒤덮인다  잃어버린 소원의 책에 대한 소문으로는 지상에 내려와서 책의 겉모습이 바뀌었다는 것 뿐  요랑은 소원의 책을 찾기 위해 지상으로 내려오지만 책은 보이지 않고    년이라는 시간이 흐른다  책을 찾아야 하는 남은 기간은 앞으로  년  요랑은 여우골에서 한 소년을 만난다  소년의 이름은 강현  소년은 서울을 떠나 아빠와 함께 고향인 여우골로 이사를 왔다  강현과 요랑은 함께 소원의 책을 찾기 시작한다  한편  천상 세계에서는 흑여우의 봉인이 풀리기 시작하는데       
263,개구쟁이 스머프 NEW,일상,인간들은 찾을 수 없는 깊은 숲 속 작은 버섯 마을에 살고 있는 꼬마 요정 스머프들의 이야기
264,비밀결사 매발톱단 시즌   카운트다운 ,일상,감독  작화  성우까지 프로그맨 혼자 제작한 약빤 애니메이션 지금 시작한다  어딘가 나사 빠진 듯한 비밀결사 매의 발톱단  이들의 목표는 세계정복  그러나 항상 다양하고 기발한 작전을 생각해내도 정의의 사자인 디럭스 파이터에 의해 실패한다  하지만 그런다고 포기할 비밀결사 매의 발톱단이 아니다  세계정복을 향한 매의 발톱단의 노력은 오늘도 계속된다 
265,반지의 비밀일기 part  ,일상,몰래 남의 일기를 보는 재미만큼 기가 막힌 것은 없을 것이다  호용이가 있어도 역쉬나 변함없는    우리의 반지는 이제 은밀한 사생활까지 즐거이 얘기하고 다니게 된다  더욱 재미있어진 친구들과 함께 말이다  엉뚱함의 강도를 확 높여버린 우리의 반지   잠시 호용이를 두고 딴 남에게 맘을 주는 등 역시나 우리의 기대를 져버리지 않는 반지의 대활약이 한술 더 뜨는 친구들과 과감하게 펼쳐진다  
266,파파독   개 수상한 이웃  하 ,일상,어렵게 손에 넣은 개조각상을 잃어버리고 또 다시 개가 된 파파  봉구의 부재에 천하장사 돌보기가 힘들어지자 향기는 동생인 설기에게 도움을 청한다  봉구가 해외출장에서 돌아올 때까지 설기와 같이 살 것이라는 향기  하지만 감정기복이 심한 설기의 성격을 잘 아는 파파와 별이는 설기의 등장이 마냥 달갑진 않고  파파는 최대한 빨리 사람으로 돌아가겠노라 다짐한다  한편  별이의 아파트에 낯선 가족이 이사를 온다  친절한 이미지의 강천과 그의 아들 강백  그리고 노환으로 정신이 오락가락하는 개 만수르  사실 만수르는 봉구와 똑같이 개조각상을 잃어버려 개로 변한 것이었다  이에 강천은 봉구의 개조각상을 빼앗을 계획으로 파파와 별이에게 접근해오는데  
267,검거미,일상,풀숲 속에는 작은 거미 가족이 살고 있다  엄마 거미와 아기 거미의 엉뚱한 일상  오늘은 무슨 일이 일어날까 
268, 더빙  빨간머리 앤  네버엔딩스토리,일상, 소중한 초록집을 반드시 지킬 거에요   초록 지붕 집에 사는 매튜와 마릴라는 일을 도와 줄 남자아이를 부탁한다  하지만 그들 앞에 나타난 것은  앤 셜리 라는 빨간 머리의 소녀  두 사람은 앤을 돌려보내야 할지 고민하지만 곧 자식처럼 키우기로 결심한다  앤은 이웃에 사는 다이애나와 둘도 없는 친구가 된다  초등학교에 다니게 된 앤은 작은 소동을 일으키기도 하지만  위독한 다이애나의 여동생을 살려내며 마을에서 주목 받는 소녀로 성장한다  열다섯 살이 되어  등으로 퀸 학교에 입학한 앤   년 뒤 졸업시험에서도 뛰어난 성적을 받아 대학 장학금까지 받게 된다  그러나 얼마 후 매튜가 심장마비로 세상을 떠나고 초록 지붕 집을 팔아야 할 상황에 이르게 되는데 
269,BanG Dream  Episode of Roselia     Song I am ,일상,수많은 시련을 극복하고 퓨처 월드 페스 출전을 맹세한        의 멤버들  그리고 계절은 가을을 맞았다   약속  작사 이후 성장한 리사  단풍놀이를 하러 가서 미래의 자신들에게 결의의 그림엽서를 쓰는 유키나와 사요         를 위해 무언가 하고 싶다는 마음이 들어 신곡을 작곡하려는 린코   남은 퀘스트는 콘테스트하고 대회하고    퓨처 월드 페스     자신들의 최종 목표를 생각하다가 문득 불안해지는 아코  퓨처 월드 페스 끝에 다섯 멤버가 본 풍경은   
270,핑구 시즌  ,일상,핑구는 가족과 함께 작은 마을에서 큰 도시로 이사를 왔다  그는 요리사  플로리스트  목수 등 흥미로운 일을 하면서 많은 펭귄들을 만난다  핑구는 그들에게 도움을 주려고 하지만 때때로 그의 짓궂은 장난은 그들를 곤란에 빠뜨린다  하지만 그의 강인한 정신과 재치 덕분에 항상 그들을 구하는데  
271,핑구 시즌  ,일상,핑구는 가족과 함께 작은 마을에서 큰 도시로 이사를 왔다  그는 요리사  플로리스트  목수 등 흥미로운 일을 하면서 많은 펭귄들을 만난다  핑구는 그들에게 도움을 주려고 하지만 때때로 그의 짓궂은 장난은 그들을 곤란에 빠뜨린다  하지만 그의 강인한 정신과 재치 덕분에 항상 그들을 구하는데  
272,BanG Dream  Episode of Roselia     약속,일상,너희들         에 전부를 걸 각오는 됐어   페스 에 출전하기 위해 밴드 결성을 결심한 미나토 유키나  그런 그녀 앞에 각자의 소망을 품은 멤버들이 모인다  다섯 멤버는        로서 정상을 노린다  이것은 그녀들의 결성부터                 에 도전하기까지의  약속 을 그린 이야기 
273,라바 시즌  ,일상,하수구를 탈출해 거칠고 거친 세상에서 방황하던 옐로우와 레드는 고층빌딩 사이에 끼어있는 낡고 초라한 집에 불시착해 버린다  이 곳에서 옐로우와 레드는 오래된 스피커 라디오  고장 난 장난감 로봇  오뚜기 인형 들을 갖고 놀며 즐거워 하기도 하고  위기에 처하기도 하며  때론 혼자 차지하기 위해 티격태격 하기도 한다  뿐만 아니라 집에 사는 애완견 마룬과 앵무새 프러시안  어디선가 나타나 혀로 공격해대는 카멜레온 프리즘까지 가세해 옐로우와 레드는 상상을 초월하는 위기에 빠지기도 하는데  그 어떤 시련과 역경이 닥쳐도 반드시 우리를 위해 웃음을 주는 옐로우와 레드  이 둘 앞에 오늘은 또 어떤 기상천외한 일이 벌어질까 
274,극장판 뽀로로 컴퓨터 왕국 대모험,일상,어느 날  에디가 만들어 낸  황금날개 대모험 이라는 게임 속으로 빨려 들어간 뽀로로와 크롱  그 곳에서 게임의 주인공 치치왕자를 만난 뽀로로와 크롱은 함께  황금날개 를 찾아 공주를 구하기 위한 모험을 떠나게 된다  한편  그 둘을 따라 들어온 친구들은 게임 속 세상을 노리는 거미마왕의 부하들에게 잡혀가게 되는데    과연 뽀로로와 친구들이 함께 거미마왕을 물리치고  게임 속에서 탈출할 수 있을까  
275,소년 할리우드,일상,일찍이  전설의 아이돌  소년 할리우드 가 활약했던 극장  할리우드 도쿄   그들의 해체로부터   년 후  극장에 모인  명의 십대 소년들  카자미 카케루    사에키 키라    아마키 이쿠마    토미이 다이키    마이야마 슌 은 매일 열심히 레슨을 받고 있었다  그러던 어느 날  그들이 소속된  노엘 재팬 에이전시 의 사장이 자기소개 특훈을 하도록 지시하고  매니저도 함께 열정적으로 지도 하지만 너무나 창피한 자기소개였기 때문에 다들 좌절한다  그런 그들에게 사장은 새로운  소년 할리우드 로 활동을 시작할 것이라고 발표하는데  
276,극장판 뽀로로 공룡섬 대모험,일상,뽀로로와 친구들  이번엔 공룡섬이다  공룡섬에서 펼쳐지는 스펙터클한 대결이 시작된다  뽀로로와 친구들은 숲 속에서  알  모양의 비행선에 잠들어 있는 꼬마 공룡  알로 를 발견한다  하지만 이름 말고는 아무것도 기억하지 못하는  알로 를 위해 우주선을 고치던 중 비행선이 번쩍하며  크롱 과  알로 를 데리고 멀리 사라져 버린다  크롱과 알로를 구하기 위해 비행선을 뒤쫓던 뽀로로와 친구들은 공룡섬에 도착하고  그곳에서 공룡들을 잡아 외계인들에게 팔아 넘기는 공룡 사냥꾼        를 만나게 되는데    과연  외계인 사냥꾼의 공격을 피해 위험에 빠진 친구들을 구할 수 있을까 
277,마음의 소리 스페셜     엔젤전설,일상, 스페셜  로 다시 돌아온 마음의 소리   코믹한 전개  기발한 소재  황당함을 넘어선  차원 슬랩스틱으로 최강의 개그콤비를 보여주는 마음의 소리  실수로 놓친 연필 한 자루로 인해 학교에서 전설이 된 조석과 엉뚱하고 기괴한 행동으로 대형사고를 치고 다니는 조준  버려진 물건을 그대로 재활용해 타임슬립으로 오해하게 만드는 아버지와 어머니  은평구 불주먹 애봉이까지      과연 조석네 가족은 오늘 하루도 무사히 지나칠 수 있을까  
278,BanG Dream  걸파 피코 피버 ,일상,작아진 걸즈 밴드 멤버들이 다시 한번 크게 날뛴다  걸즈 밴드 멤버들의 휴식처  라이브 하우스  서클 에서                                                            헬로  해피 월드   그리고                              가 합류하면서 작은 일곱 밴드가 대소동을 벌인다  귀여움도 웃음도 더 강력해진  포복절도의 걸즈 밴드 코미디 
279,토리 고 고 ,일상,세자매 중 둘째  신뢰 받는 첫째와 예쁨 받는 막내 사이에 낀 토리는 항상 활발하고 호기심이 왕성한 열혈소녀이다  그만큼 사고도 많이 치고  고집도 센 소녀  하지만 엄마에게만큼은 토리도 어쩌지 못하는데    이런 사고뭉치 토리와 토리 가족  그리고 친구들의 일상 이야기를 그리고 있다 
280,교향시편 유레카 세븐 하이에볼루션     아네모네,일상,아직 어렸던 그 날 아네모네의 아버지 켄은 어린 그녀를 남기고 전쟁에 나갔고  그리고 돌아오지 않았다  제대로 된 이별 인사도 하지 못한 아네모네의 작은 가슴에 깊은 후회를 남기고     년이 지나고 아네모네는 아버지가 죽은 전장  도쿄에 있었다  인류의 적인  번째 유레카   유레카 세븐에 맞서기 위한 조직  아시드의 일원으로서 인류의 희망을 짊어진 아네모네는 유레카 세븐의 내부로 침입한다  아네모네가 유레카 세븐의 안에서 만난 건 도미니크라는 청년과 유레카라는 푸른 머리카락의 소녀  이 만남이 의미하는 것은 무엇인가  그리고 언뜻 스쳐 지나가는 랜턴이라는 이름을 가진 소년의 모습    아시드에 잡혀있던 수수께끼의 남자  듀이는 예언한다   너희가 보고 있는 유레카 세븐은 유레카 세븐이 아니다  가짜 신이 만들고 파괴한 무수한 필요 없는 세계  이른바 쓰레기 산이다   아네모네와 유레카가 만났을 때  모든 진실이 밝혀지고 새로운 세계의 문이 열린다 
281,극장판 뽀로로 슈퍼썰매 대모험   판권 부활,일상,슈퍼썰매 챔피언이라는 꿈을 간직한 뽀로로와 친구들은 허풍쟁이 배달왕 거북이들로부터 슈퍼썰매 챔피언이 되기 위해 특별훈련을 받게 된다  그리고 난생 처음으로 뽀롱마을을 떠나 얼음나라  노스피아 로 꿈을 이루기 위한 대모험을 떠난다 
282,마음의 소리 스페셜     붕어빵 부자,일상, 스페셜 로 돌아온 마음의소리   코믹한 전개  기발한 소재  황당함을 넘어선  차원 슬랩스틱으로 최강의 개그콤비를 보여주는 마음의 소리  고장난 냉장고가 현관문에 끼어버린 집에서 고군분투 하는 조석과  붕어빵 장사를 하던 도중 불우이웃으로 오해받아 각종 이슈 메이커가 되어버린 아빠와 조준  이를 한심하게 지켜보는 엄마에 더한 계략을 꾸미는 애봉이까지    하루라도 바람 잘 날 없는 조석네 가족은  과연 오늘 하루를 무사히 지나칠 수 있을까 
283,극장판 빨간머리 앤  그린 게이블로 가는 길,일상,주근깨 빼빼 마른 빨간머리 앤 예쁘지는 않지만 사랑스러워  어느 날  그린게이블의 두 남매 매튜와 마릴라에게 찾아온 빨간 머리의 한 소녀  첫 만남에 소녀에게 마음을 연 매튜 아저씨와 달리  농사일에 여자아이는 필요 없다며 앤을 돌려보내려는 마릴라 아주머니   제가 예뻤다면 절 고아원으로 돌려보내지 않으셨을까요   절망의 구렁텅이에 빠져  생에 처음으로 아주 괴롭고 힘든 밤을 보내게 된 소녀  어김없이 아침은 밝아오고  경쾌하게 흐르는 시냇물 소리와 눈부신 아침 햇살만이 소녀를 위로할 뿐  어딜 뜯어보아도 예쁜 구석은 없지만  어쩐지 보면 볼수록 더욱 함께 있고 싶어지는 사랑스러운 소녀  앤  기쁨의 하얀 길과 빛나는 호수  그리고 그림 같은 그린게이블에서 소녀는 매일 꿈 같은 아침을 맞을 수 있을까요 
284,야마노스스메 OVA 추억의 선물,일상,고소공포증 때문에 높은 곳에 올라가지 못하는 소녀 유키무라 아오이  그녀가 소꿉친구 히나타를 만나 등산을 하게 되면서 겪는 일들을 그린 이야기  이번 특별    에서는 암벽을 타는 그녀들의 이야기를 그리고 있다 
285,극장판 뽀로로 눈요정마을 대모험,일상,뽀로로와 친구들은 우연히 세상에 눈을 뿌리는  눈요정 마을 에 가게 되고  조각가가 꿈인  눈요정 아티 를 만나 즐거운 시간을 보낸다  그 때  어디선가 날아든 거대한 용암괴물이 마을을 습격해 눈요정들을 모두 데리고 간다 
286,개구쟁이 스머프,일상,파란색 피부에 하얀색 모자와 바지  사과 개만큼의 작은 키  버섯모양의 예쁜 집 누군지 아시겠어요  인간들은 찾을 수 없는 깊은 숲 속 작은 버섯 마을에 매력적인 주인공  스머프라 불리는 꼬마요정들이랍니다  깜찍한 스머페트  잘난체하기 좋아하는 똘똘이  맨날 거울만 보는 허영이  언제나 불만 가득한 투덜이  힘 자랑하기 좋아하는 덩치  폭탄선물로 유명한 익살이등 모두모두 남다른 개성을 지닌 멋진 친구들이에요  스머프 마을은 평화로운 곳이지만 이들에게는 스머프를 황금으로 바꾸어 부자가 되겠다는 삼류 마법사 가가멜이 있어 언제나 긴장을 늦춰선 안돼요  하지만 그렇다고 스머프들이 도망만 다니는 것은 아니랍니다  가가멜을 놀려 주는 것도 이들의 일상 중 하나인걸요 자 이제 활력이 넘치는 이곳  숲 속 스머프 마을로 모두 함께 떠나볼까요 
287,추억의 검정고무신,일상,영화티켓이   원  소 한 마리가  만원 하던 시절 장난꾸러기 기영  기철 형제 가족의 평범하고도 특별한 일상이 펼쳐진다 
288,극장판 뽀로로 보물섬 대모험,일상,해적식당에 간 뽀로로와 친구들은 우연히 전설의 보물지도를 손에 넣어 보물섬으로 향한다  고대문명의 비밀이 간직된 신비의 보물섬에서 흩어진 친구들을 찾아 헤매던 중 그곳에 오랫동안 갇혀있던 해적영웅 실버 선장을 만나고  함께 보물지도의 수수께끼를 풀어낸다  하지만 뒤쫓아온 악당해적 블랙선장과  보물섬의 괴물들로 인해 위기에 빠지게 되는데  
289,안녕  괴발개발,일상,본인을 여왕으로 알고 인간을 하인쯤으로 여기는 강아지 엘리자베스 본명 쫑알이   무념무상 잠자는 것이 특기인 인형 같은 외모의 시크한 강아지 순돌이  애교넘치는 고양이 랑이  식탐 대마왕 유딩  그리고 아픈 상처를 가지고 있는 카리스마 넘치는 아가까지  개성 넘치는 다섯 마리의 반려동물과 그들을 모시며 살아가는 웹툰 작가 두순의 바람 잘 날 없는 일상을 그린 유쾌한 가족 시트콤 
290,BanG Dream  팝핀  드림 ,일상,무도관 라이브를 성공시킨                                        꿈의 무대에 섰던 여운이 남아있던 카스미 일행의 앞에 의문의 여성이 나타난다  다음 무대는  무려 해외               의 음악은 아직 멈추지 않아 
291,극장판 옷코는 초등학생 사장님 ,일상,  살 인생 최대 고비  오늘부터 내가 사장님이라고   초등학생  옷코 는 사고로 부모님을 잃고 할머니가 운영하는  봄의 집  여관에서 새로운 생활을 시작한다  그런데   봄의 집 에 도착한  옷코 의 눈 앞에 둥실둥실 하늘을 떠 다니는 유령들이 등장하는데  사는 게 쉽 지 않 다   봄의 집  에 새로운 주인이 나타났다는 소식에 들뜬 유령들과 학교 생활부터 여관 일까지 모든 것이 낯선  옷코   하지만 한눈 팔 새도 없이  봄의 집 에는 저마다의 사연을 지닌 손님들이 줄을 잇기 시작하는데  
292, 더빙  코코몽  기,일상,냉장고 문이 닫히면  냉장고 속 음식과 야채들이 잠에서 깨어난대요  골목대장 소시지 원숭이  코코몽 과 토끼가 된 계란 반쪽  아로미   그리고 다양한 모습으로 변한 냉장고 속 친구들  귀여운 코코몽과 그의 친구들이 만들어내는 신나고 재밌는 모험의 세계로 함께 떠나요 
293, 더빙  극장판 빨간머리 앤  그린 게이블로 가는 길,일상,주근깨 빼빼 마른 빨간머리 앤 예쁘지는 않지만 사랑스러워  어느 날  그린게이블의 두 남매 매튜와 마릴라에게 찾아온 빨간 머리의 한 소녀  첫 만남에 소녀에게 마음을 연 매튜 아저씨와 달리  농사일에 여자아이는 필요 없다며 앤을 돌려보내려는 마릴라 아주머니   제가 예뻤다면 절 고아원으로 돌려보내지 않으셨을까요   절망의 구렁텅이에 빠져  생에 처음으로 아주 괴롭고 힘든 밤을 보내게 된 소녀  어김없이 아침은 밝아오고  경쾌하게 흐르는 시냇물 소리와 눈부신 아침 햇살만이 소녀를 위로할 뿐  어딜 뜯어보아도 예쁜 구석은 없지만  어쩐지 보면 볼수록 더욱 함께 있고 싶어지는 사랑스러운 소녀  앤  기쁨의 하얀 길과 빛나는 호수  그리고 그림 같은 그린게이블에서 소녀는 매일 꿈 같은 아침을 맞을 수 있을까요 
294,마음의 소리 스페셜     스펙타클 임팩트맨,일상,코믹한 전개  기발한 소재  황당함을 넘어선  차원 슬랩스틱으로 최강의 개그콤비를 보여주는 마음의 소리  빈집털이 도둑을 영웅 임팩트맨으로 만들기 위해 계략을 꾸미는 조석과  인터넷 카페 아이디가   개인  자칭  네임드 유저인 아버지  그런 아버지를 골탕 먹이기 위해 몰래 카페에 가입한 조준  은평구 불주먹 애봉이와 이를 한심하게 지켜보는 어머니까지     과연 조석 네 가족은 오늘 하루도 무사히 보낼 수 있을까  
295,마음의 소리 스페셜     효  크러쉬,일상, 특별판으로 돌아온 마음의소리   조석과 가족들의 바람 잘 날 없는 시끄러운 일상  예측불가 요절복통 가족애를 그린 시트콤 애니메이션  외쳐봐  마음의 소리  서울시 은평구 연신내의 평범한 가정집에 범상치 않은 가족들이 살고 있다   트레이드마크인 각진 얼굴에 노란 옷  마음은 열정 맨 이지만 실상은 동네북 호구의 아이콘  어설픈 일탈의 달인 사건들을 몰고 다니는 폭풍의 눈    괜찮아  자연스러웠어   주인공 조석  누구나 무릎 꿇릴 수 있을 정도의 핵주먹을 갖고 있지만 나 자신에게만은 친절한  실세 애봉  사건사고에서만큼은 최종보스급인  엉뚱함과 기괴함의 소유자인 조석의 대머리 형 조준  가부장적이고 싶지만  현실은  가족에게 인정받고 싶다    게임 마니아에 잘 삐치는 공처가 아버지  전투력 최종보스  항상 사고를 치고 다니는 가족들에 한해서는 수준급 조련사이며  만지는 물건들을 죄다 파괴해버리는 기계치 어머니  효  크러쉬 외  개 에피소드로 구성된 평범함과는 거리가 먼  예측 불가능한 이들의 요절복통 코미디가 이제 시작된다 
296,이시다 히로야스 X 아라이 요지로 특별전,일상,  후미코의 고백 첫사랑의 고백은 슬프고도 아름다운 것   하지만  눈깜짝할 사이  시원하게 까이고   마는 여학생 후미코는 너무나 부끄럽다  창피한 마음을 울부짖으며  그녀는 더욱 뜨겁게 앞으로 앞으로 향한다    비오는 마을  밖은 위험한 곳이야  얼른 집으로 돌아와야 해   엄마의 배웅을 받고 노란 비옷을 입은 소녀는  혼자 집 밖 세상을 구경하려 합니다  오직 빗소리만이 들리던 도시에서  우연히 만난 고철 로봇과 함께 그녀의 특별한 추억이 다시 떠오릅니다    태양소년 이슬소녀  너를 다시 만날 수 있다면  나는 어디든 갈 수 있어  히나타는 같은 반 여학생 시구레를 짝사랑한다  그림 그리기를 좋아하는 히나타  새 그림으로 시구레와 친해지지만 곧  그녀는 먼 나라로 이민을 떠날 것이다  내성적인 히나타는 시구레에게 마음을 전달할 수 있을까  그의 첫사랑이 하늘로 날아오른다    태풍의 노루다  폭풍 속으로  너에게 빠져든다  문화제 전날인 어느 중학교  좋아하던 야구를 그만 두겠다고 하는 친구 아즈마와 싸운 사이조  그들 앞에 갑자기 붉은 눈의 수상한 소녀  노루다 가 나타나는데    그때  관측사상 역대 최대의 태풍이 학교를 덮치려 하고 있었다 
297,마인크래프트 이야기,일상,블록이 살아 움직이는 마인크래프 세계  주인공 스티브는 알렉스와 펌킨을 만나 새로운 여행을 떠나게 됩니다  마인크래프트 세계에서는 어떤 신기한 일들이 기다리고 있을까요  그럼  스티브와 함께 마인크래프트 세계로 떠나볼까요 
298,마음의 소리 스페셜     이어서 하자,일상, 특별판 로 돌아온 마음의소리   코믹한 전개  기발한 소재  황당함을 넘어선  차원 슬랩스틱으로 최강의 개그콤비를 보여주는 마음의 소리  주변의 시선도 아랑곳않고 오로지 앞만 보고 달려가는 조석네 가족은 하루하루가 사건사고의 중심지인데    친구들과의 농구시합 에서조차 각종 비겁한 반칙스킬을 시전하는 조석 조준형제와  요즘 유행하는 롱파카만을 입은채 알몸으로 거리를 활보하는 아버지  가족들이 사건을 터트릴 때마다 분노하며 괴력을 발사하는 어머니  수십 키로미터 떨어져 있는 곳에서도 음식냄새를 맡고 오는 먹신 애봉이까지      과연 조석네 가족은 오늘 하루를 무사히 보낼 수 있을까  
299,반지의 비밀일기  ,일상,티없이 해맑고 명랑한 반지의 학교생활은 다소 과격하지만 매력 넘치는 응심이와 얌전하고 착하지만 엉뚱한 구석이 있는 냠냠이  그리고 반지를 보듬어 주는 부드럽고 완벽한 호용이로 항상 행복하고 신나기만 하다  그렇다고 학교 가는 것이 꼭 즐겁다는 건 아니야  라고 외치는 반지에게도 고민과 근심 걱정이 찾아올 때가 있다  하지만 근심  걱정  고민  스트레스 이런 부정적인 감정은 스쳐 지나갈 뿐  반지의 무한긍정 일상에 뿌리를 내릴 수 없다  매일매일 새로운 꿈을 꾸며 미지의 미래를 위해 힘차게 달려나가는 반지는 하루하루가 신나는 일의 연속이다 
300,하카타 멘타이 피리카라코짱,일상,주인 아줌마 대신 반찬 가게를 보게 된 기운이 넘치는 명란젓 요정 피리카라코  언제나 천진난만하고 밝은 피리카라코는 상점가 사람들의 고민이나 소문을 해결하려 한다  명란요정 피리카라코와 음식 요정 친구들  그리고 상점가 사람들이 만들어가는 맛있는 일상 극이 펼쳐 진다 
301,두리둥실 뭉게공항 시즌  ,일상,세상에서 가장 멋진 일이 일어나는 뭉게뭉게 비행장  세상의 모든 비행기가 모이고 세상 모든 이야기가 펼쳐지는 뭉게뭉게 비행장에서 꼬마 경비행기 윙키의 작지만 큰 꿈을 키워 나가는 애니메이션 
302, 무자막  토끼네 집으로 오세요 시즌  ,일상,개성 강한 두 토끼 남매가 소소한 일상에서 부딪히고 그것을 스스로 풀어나가는 모습을 보여줌으로써  형제간의 우애와 자립심을 가르쳐준다  혼자 자라 이기적이기 쉬운 요즘 아이들에게 다른 친구들과 조화롭게 어울리는 법을 가르쳐줄 것이며 루비에게서는 바른 생활을 배울 수 있으며  맥스에게서는 용기와 명랑함을 배울 것이다 
303,모여라  고마짱 시즌  ,일상,장수는 집 앞에 세운 트럭을 보면서  년 전에 고마가 왔던 날을 회상한다  그런데 아차 하는 사이에 고마를 태운 택배 트럭이 떠나고 만다  장수는 고마를 찾기 위해 동네방네를 찾아다니는데   
304,꼬냥툰 시즌  ,일상,연애툰 썰툰 고민툰 꼬냥툰 
305,모여라  고마짱 시즌  ,일상,장수가 접고 있는 종이를 고마가 뭉개면서 비행기 모양이 되자 장수는 고마를 칭찬한다  또한 고마가 매직으로 장난 친 게 알파벳  자 모양처럼 보이자 장수네 가족은 고마를 또 칭찬한다  뭐든 잘한다는 칭찬에 한껏 기분이 좋아진 고마는 퀵 보드에도 도전하는데 
306, 자막  겨울왕국의 무민,일상,따스한 여름이 지나고 겨울이 찾아온 무민 골짜기  밤나무와 열매 그리고 나뭇잎 향기까지  무민이 좋아했던 모든 것을 꽁꽁 얼려버린 겨울은 무민이 가장 소중하게 생각했던 해님까지 몰래 숨겨버린다 해님을 기다리던 무민은 오랜 고민 끝에 직접 해님을 찾기로 하고  친구 투티키와 특별한 도전에 나서는데 
307,타오르지마 버스터   블랙어썰트의 귀환,일상,평화롭던 지구 생활을 즐기던 어느 날  우주 용병 회사     의 긴급 소환 명령   우주로 돌아갈 팀을 가리는 운명을 건 대결이 시작된다  한편  우주 전설이라 불리던  블랙어썰트 가 지구에 돌아온다  그리고 그를 뒤쫓는 우주해적단과 버스터 용병들의 피할 수 없는 대격돌이 펼쳐진다 
308,안녕  괴발개발 시즌  ,일상,본인을 여왕으로 알고 인간을 하인쯤으로 여기는 강아지 엘리자베스 본명 쫑알이   무념무상 잠자는 것이 특기인 인형 같은 외모의 시크한 강아지 순돌이  애교넘치는 고양이 랑이  식탐 대마왕 유딩  그리고 아픈 상처를 가지고 있는 카리스마 넘치는 아가까지  개성 넘치는 다섯 마리의 반려동물과 그들을 모시며 살아가는 웹툰 작가 두순의 바람 잘 날 없는 일상을 그린 유쾌한 가족 시트콤 
309, 더빙  코코몽  기,일상,냉장고 문이 닫히면  냉장고 속 음식과 야채들이 잠에서 깨어난대요  골목대장 소시지 원숭이  코코몽 과 토끼가 된 계란 반쪽  아로미   그리고 다양한 모습으로 변한 냉장고 속 친구들  귀여운 코코몽과 그의 친구들이 만들어내는 신나고 재밌는 모험의 세계로 함께 떠나요 
310, 더빙  미피의 동물원 보물찾기,일상,미피와 함께 숨겨진 동물들을 찾아보아요  미피와 친구인 멜라니  그런티는 미피의 엄마 아빠와 함께 동물원에 놀러간다  동물원에서 엄마 아빠가 내주는 찾기놀이를 하며 다양한 동물들을 만나는 미피와 친구들  다섯 가지 동물들을 모두 찾은 친구들에게 주어지는 보물과 또 다른 깜짝 선물은 과연 무엇일까 
311,극장판 아르고나비스 from BanG Dream    유성의 오블리가토,일상,홋카이도 하코다테  유럽과 일본 문화가 융합된 화려한 건물이 늘어선 마을  이 마을에서 우리들은 만나고  부딪치고 그리고 빛나는 스테이지를 향해 운명의 배를 저어 간다  머지않아 이 노래가 운명이었다는 것을 깨닫는다 
312,ARIA The BENEDIZIONE,일상,오랜 역사와 전통을 자랑하는 수상안내회사  히메야   그런데 히메야의 정식 상속자이자 전설의 곤돌라의 차기 계승자인  아이카 가 곤돌라를 이어 받지 않겠다는 의사를 표한다   아이카 가 그리는 새로운 미래는 무엇일까  그리고 그런  아이카 를 지켜보는  아키라 의 진심은   아키라 와  아이카   히메야를 대표하는 두 운디네의 운명적이고 아름다운 첫 시작과 내일이 펼쳐진다   널 향한 마음이 내 시작이었어  
313,내 사랑 뚱 시즌  ,일상, 살 꼬마 숙녀 뚱이의 천방지축 이야기가 시작된다 
314,도라에몽   진구의 신공룡,일상,진구는 공룡 엑스포 화석 발굴 체험에서 발견한 화석을 공룡알이라고 굳게 믿는다  도라에몽의 비밀도구 타임 보자기로 화석을 되돌리자 새로운 종의 쌍둥이 공룡이 태어났다  진구를 닮아 미덥지 못한 큐와 말괄량이 뮤  사랑을 듬뿍 주며 키우지만  함께 살아가는 것이 어렵다는 것을 깨달은 진구는 큐와 뮤를 원래 시대로 데려다 주기로 결심하고  친구들과 함께      만 년 전 백악기로 모험을 떠난다  도라에몽의 비밀도구와 공룡들의 도움으로 공룡의 발자국을 따라 진구와 친구들이 도착한 곳은 바로 수수께끼의 섬  공룡이 멸종했다고 알려진 백악기에서 큐와 뮤  그리고 진구를 기다리고 있는 운명은  
315,도라에몽   진구의 달 탐사기,일상,달 탐사기가 발견한 흰 그림자가 뉴스 속보로 나오게 되고  진구는 그것이  달 토끼다  라고 주장하지만 아무도 믿지 않는다  이에 진구는 도라에몽과 함께  같은 것을 믿게 하는 배지 를 이용하여 달의 뒷면에 토끼 왕국을 만들기로 한다  그러던 어느 날  수수께끼 소년  루카 가 전학을 오고  도라에몽과 친구들은 함께 토끼 왕국에 가게 된다  그리고 그곳에서 우연히  에스펄 이라는 신기한 힘을 가진 아이들과 만나 친구가 된다  함께 즐거운 시간을 보내던 도라에몽과 친구들  그리고  에스펄  앞에 의문의 우주선이 나타나고  에스펄 과 함께 도라에몽과 친구들을 구하려던  루카 도 잡히게 된다  과연  도라에몽과 친구들은  루카 를 구할 수 있을까 
316,극장판 유루캠 ,일상,이것은 조금 먼 미래의 겨울부터 시작되는 이야기 시마 린은 고향인 야마나시를 떠나  나고야의 작은 출판사에 취직해 혼자서 생활하고 있었다  어느 주말 투어링 계획을 세우고 있던 린에게 고등학교 친구인 오가키 치아키가 갑작스럽게 보낸 문자가 왔다   나 지금 나고야에 있는데   야마나시 관광 추진 기구에서 일하는 치아키는 몇 년 전에 폐쇄된 모 시설의 재개발 계획을 맡고 있었다   그렇게 넓은 부지면 캠핑장이라도 만들든가   린이 무심코 내뱉은 말 한마디에 움직이기 시작한 치아키  도쿄의 아웃도어 매장에서 일하는 카가미하라 나데시코  고향인 야마나시에서 초등학교 교사가 된 이누야마 아오이  요코하마의 애견 미용실에서 근무하는 사이토 에나  예전의 캠핑 동료들이 모이면서  캠핑장 개발 계획이 시작된다  캠핑으로 이어진  명이  지금이기에 할 수 있는 일에 도전  아웃도어 계열  걸즈 스토리 개막 
317, 더빙  극장판 아따맘마  D   엄마는 초능력자,일상,아무도 못 말리는  엄마의 초능력 사용기  그 어느 때보다 활기차게 시작한 엄마의 하루  항상 검게 타서 나오는 계란 후라이도 오늘은 딱 알맞게 익었고  마트에서 장 볼 때도 잔돈까지 딱 맞게 떨어지고  그렇게 모든 일이 술술 잘풀리는 예감 좋은 오후  그런데 그 날 장을 보고 오는 길에 엄마는 번개를 맞고 초능력을 얻게 된다  아리와 동동이는 그 사실을 알고 절대로 밖에 나가서는 초능력을 쓰지 말라고 다짐을 받는다  하지만 집안일에만 초능력을 쓰는 게 아까운 엄마는 변장을 하고 사람들을 돕기로 결심한다  소녀 컨셉의 슈퍼 히어로  슈퍼파마맨 으로 변신  초능력 엄마의 좌충우돌 이웃 사랑 실천 프로젝트가 시작 된다 
318,꼬냥툰 시즌  ,일상,연애툰 썰툰 고민툰 꼬냥툰 
319,교향시편 유레카 세븐 하이에볼루션  ,일상,유레카가 랜턴을 만나기 위해 창조한 스카브 코랄 속 가상 세계가 붕괴하고  가상 세계 속 인류가 지구에 모습을 드러낸 지   년이 지났다  가상 세계 속에서 나타난 인류  그린어스 와 이전부터 현실에 있던 인류  블루어스 가 각지에서 충돌을 반복하는 가운데  혼란을 만들어 낸 원흉인 유레카는 속죄를 위하여 국제연합군 독립사단 무임소 부대 아시드의 전투 요원이 되어 세계 평화를 위해 싸우고 있었다  그런 그녀에게  스카브 코랄 창조 능력을 지닌 새로운         아이리스 를 보호하라는 명령이 떨어진다  한편  그린어스군 근위기병단 부대장인 듀이 노바크 대령은 동료들과 함께 궐기  아이리스를 납치하여 대규모 테러를 일으키려 하는데   
320, 더빙  겨울왕국의 무민,일상,따스한 여름이 지나고 겨울이 찾아온 무민 골짜기  밤나무와 열매 그리고 나뭇잎 향기까지  무민이 좋아했던 모든 것을 꽁꽁 얼려버린 겨울은 무민이 가장 소중하게 생각했던 해님까지 몰래 숨겨버린다 해님을 기다리던 무민은 오랜 고민 끝에 직접 해님을 찾기로 하고  친구 투티키와 특별한 도전에 나서는데 
321,극장판 금빛 모자이크   프리티 데이즈,일상, 우린 언제나 함께할 거야    세상에 하나뿐인 그녀들의 소중한 일상  프리티 데이즈  반짝이는 학창 시절을 함께 하고 있는 시노부  아야  요우코  앨리스  카렌 다섯 명의 친구들은 요즘 한창 축제 준비로 들떠있다  특히 언제나 느릿느릿 여유로운 시노부는 연극제에서 연출  각본  의상까지 도맡아 열의를 불태우지만 결국 과로로 계속 멍 한 상태라 친구들은 앞장서서 힘을 보탠다  과연  시노부의 연극은 무사히 성공할 것인가  한편  시노부와 아야  요우코가 모에기 고교에 함께 입학하게 된 사연도 밝혀지는데   
322, 더빙  아기공룡 버디 시즌  ,일상,프테라노돈 가족인 타이니  샤이니  돈  막내 티렉스 버디는 엄마와 아빠와 함께 공룡 기차를 타고 중생대 시대를 여행해요  공룡 기차 차장님의 친절한 안내를 받으며 재미있는 장소를 찾아 다니고  새로운 친구들을 만나요  버디는 새 친구를 만날 때마다 항상 자신과 비교해본답니다  최첨단 공룡 기차 산업 덕분에 프테라노돈 가족은 공룡 기차뿐만 아니라 로켓 기차  태양열 기차  잠수함 기차  체펠린 비행선 기차까지 타고 바닷속과 하늘까지도 여행을 다닐 수 있답니다  공룡과 어류  양서류  포유류 등 온갖 생물들에 대해 많은 것을 배우는 프테라노돈 가족의 선사 시대 여행이 재미있게 펼쳐집니다 
323, 더빙  내 친구 코리리,일상,다섯 살 다래를 찾아온 한국의 공룡 코리리   그리고 함께 지내는 공룡 친구들의 좌충우돌 적응기  어느 날  다래네 마을에 나타난 공룡 친구들  이제 막 세상을 배워가는 유치원생 다래와 늘 함께하는 코리리는 늘  다래야  노올자  하며 랜덤으로 들이닥치는 공룡들을 맞이해 함께 놀이를 즐기기도 하고  공룡들이 모르는 예절을 가르치기도 하고  일상을 공유하며 즐거운 하루하루를 보낸다 
324,모여라  고마짱 시즌  ,일상,집에서 여유롭게 뒹굴거리고 있는 고마  그런데 숙제하는 장수도  청소하는 엄마도 화장실에 있는 아빠도 모두 딴 데로 가라고 말한다  고마가 자신만의 방이 있는 헤엄이를 부러워한다는 걸 눈치 챈 장수는 사과 상자로 고마의 방을 만들어 주는데   
325,좀비덤 시즌  ,일상,세상은 좀비들이 휩쓸고 지나간 상태  마을은 폐허가 되어 인적이 사라진 텅빈 공간이 되어버렸다  어두운 거리에 달이 뜨면 성격도  능력도  가치관도 다르지만 서로의 모자람으로 똘똘 뭉친 꼬마 좀비 악동들만         에서 활개를 치고 다닌다  하지만 모자란 머리 때문에 늘 발생하는 사건 사고들  거기에 좀비 악동들 앞에 마지막 남은 인간 아이가 나타나면서부터 악동들의 모자람은 배가 되고 그로 인한 좌충우돌이 점점 더 많아진다  머리가 나빠 몸이 고생하지만 마음만은 모자람이 없는 악동들의 슬랩스틱 시츄에이션 코미디가 오늘도         에서 펼쳐진다 
326,기괴하고 요상한 귀신딱지,일상,겁쟁이 소년  짝구 와  우동 은 딱지 문방구의 주인이자 이 동네의 귀신을 담당하는  꼭두 의 화려한 언변에 넘어가 졸지에 귀신딱지 비밀요원이 돼버린다  때로는 티격태격 싸우지만  둘도 없는 친구로서 서로 도와가며 악귀를 봉인하기 위해 분투하는 두 소년  과연 그들은 세상을 어지럽히는 악귀들을 귀신딱지에 봉인할 수 있을까    
327,헬로 코코몽  기,일상,채소와 과일을 먹으면 힘이 나는 로보콩과 함께 돌아온 우리 친구  코코몽  더 신 나고 더 재미있어진 싱싱 놀이터와 영양 만점의 싱싱한 채소들이 가득한 싱싱 농장에서 오늘도 즐겁게 뛰어노는 코코몽과 친구들  하지만 지구 온난화 때문에 생겨난 세균킹과 그 부하들은 코코몽과 싱싱마을 친구들의 그릇된 식습관을 이용해  싱싱에너지를 떨어뜨리고  싱싱마을을 빼앗을 계략을 꾸미는데  코코몽과 친구들이 싱싱마을을 지켜내고  올바른 식습관을 가질 수 있을까 
328, 자막  치에리와 체리,일상,상상력이 뛰어난 소녀  치에리 는  년 전 아빠를 여의고 상상 속의 친구  체리 와 꼭 붙어 지낸다  아빠의 기일을 맞아 할머니 댁에 온 치에리는 홀로 집안 이곳저곳을 구경하고  새로운 친구들과 뜻밖의 추억을 만들게 된다
329,꼬냥툰 시즌  ,일상,연애툰 썰툰 고민툰 꼬냥툰 
330, 더빙  토마스와 친구들   용감한 기관차와 괴물소동,일상,토마스는 지선이 수리되는 동안 점토 채취장에서 일하게 되는데  폭풍우가 몰아치고 번개가 번쩍이자 무너져내린 절벽 위에서 거대한 발자국을 보게 된다  하지만 토마스는 산사태 때문에 그 발자국에 대해 자세히 알아보지 못한 채로  개구쟁이 빌과벤에게 구출된다  자신이 목격한 거대한 발자국에 대하여 토마스는 친구 퍼시에게 이야기하고  이 이야기를 들은 퍼시는 소도어섬에 괴물이 살 거라고 굳게 믿게 된다  그리하여 퍼시는 괴물이 무서워서 야간우편열차조차 못 끌게 되고  괴상하게 생긴 기관차 게이터를 마주치자 괴물이라고 오해한다  제임스는 이런 퍼시를 놀리고 심지어는 골려주기까지 하지만  새로운 기관차 게이터는 퍼시에게 좋은 친구가 되어주고 진정한 용기란 무엇인지 알려준다 
331,써니버니 시즌  ,일상, 언어가 없는 특별한 애니메이션입니다  써니버니는 터보  빅부  샤이니  아이리스  호퍼라는 이름의 푹신한 빛의  개 공으로  빛이 있는 곳이면 어디든지 나타날 수 있다  토끼들은 항상 기쁨과 행복을 가져다 주며  새롭고 흥미로운 장소를 탐험하기 위해 내려가며  재미있고 장난스러운 게임을 즐긴다  모두 아이들이 쉽게 인식하고 사랑하게 될 수 있는 뚜렷한 특징을 가지고 있다  써니 버니는 재미  우정  발견  협동에 대한 모든 것이다 
332, 더빙  이퀘스트리아 걸스   엉망진창 봄방학,일상,봄방학을 맞이한 일곱 친구들은 호화로운 배를 타고 여유로운 크루즈 여행을 떠나게 되었어요  하지만 이퀘스트리아 마법이 나타났다고 굳게 믿고 있는 레인보우 대시는 마법을 찾겠다는 이유로 친구들을 가만 놔 두지 않네요  결국 그로 인해 바다 위에서 재앙이 벌어지고  그 과정에서 포니빌에도 찾아가게 되며  스톰 킹이 보유했던 이퀘스트리아 마법이 인간 세계로 흘러 들어가서 배에 탄 사람들을 위협하고 있다는 사실이 밝혀지게 돼요 
333,로터리파크,일상,거대한 미스터리 홀 주변을 둘러싼 폐쇄된 공원  그 곳엔 남몰래 지구를 지키는 괴상한 모습의 히어로들이 있다  지구의 숨겨진 비밀과 그것을 노리는 그림자정부     기계를 만든 천재박사 지젤의 진짜 목적까지  가장 강렬한 기억이 만들어 낸 이 시대 유토피아의 문이 열린다 
334, 더빙  꼬마마법사 레미   견습 마법사를 찾아서,일상,나이도  성격도  살아온 환경도 다른  소라     미레     레이카   하지만  꼬마 마법사 레미 를 어린 시절 추억으로 간직하고 있다는 공통점이 있다  서로 다른 세 사람을 연결해준 마법같은 인연  어른이 되느라 바빴던 그녀들은 잠시 잊고 있었던 것들을 다시금 떠올리게 되는데    지금   레미 의 마법이 다시 시작된다 
335, 자막  꼬마마법사 레미   견습 마법사를 찾아서,일상,나이도  성격도  살아온 환경도 다른  소라     미레     레이카   하지만  꼬마 마법사 레미 를 어린 시절 추억으로 간직하고 있다는 공통점이 있다  서로 다른 세 사람을 연결해준 마법같은 인연  어른이 되느라 바빴던 그녀들은 잠시 잊고 있었던 것들을 다시금 떠올리게 되는데    지금   레미 의 마법이 다시 시작된다 
336,니니파이브,일상,두근두근 연애 이야기부터 누구에게도 말 못할 고민  흑역사  통쾌한 사이다 사연까지  여러분의 사연을 영상툰으로 이야기합니다  니니파이브 
337,썰작가의 흔한애니 시즌  ,일상,누구에게 잘 말하지 못했던 고민이나 설렘 그리고 속 시원한 사이다 썰을 애니메이션을 통해 살펴본다  자신을 괴롭히던 학생에게 복수한 이야기부터 친구의 장난에 대한 고민까지 다양한 이야기가 펼쳐진다 
338,도라에몽   스탠바이미  ,일상, 할머니를 만나고 싶어   어느 날 진구는 돌아가신 할머니와의 추억이 담긴 낡은 곰 인형을 발견하고 할머니가 보고 싶은 마음에 도라에몽의  차원 비밀도구 타임머신을 타고 과거로 향한다  느닷없이 찾아온 소년을 금세 진구라고 믿어주시는 할머니는 한 가지 소원을 말씀하시는데   진구의 아내를 만나보고 싶구나  결혼식을 보여 드리기 위해 미래로 간 도라에몽과 진구  하지만 이슬이와의 결혼식 당일 신랑 진구는 도망가 버리고 퉁퉁이와 비실이가 진구를 찾는 동안 이슬이는 진구를 믿고 기다리는데  할머니의 소원을 위해  그리고 가족과 친구들  좋아하는 이슬이와의 약속을 위해 도라에몽과 진구의 과거와 현재  미래를 넘나드는 스펙터클한 대모험이 시작된다 
339,이웃집 야마다군,일상,     년  월  일 공개 예정입니다   독특한 괴짜 가족이 왔다  폭주족에게 정의의 사자를 권유를 당당하게 하는 할머니 시이게  소심하지만 가장의 권위를 내세워보고 싶은 아빠 다카시  저녁밥으로 뭘 할지가 유일한 고민거리인 건망증이 심한 엄마 마츠코  작심삼일도 아닌 작심삼초로 사는 아들 노보루  가족을 걱정하는 귀여운 막내딸 노노꼬  세상에 이런 가족이 있어 라고 할 만한 가족들이 지금 찾아온다 
