,titles,category,summary
0, 자막  오란고교 사교클럽,일상,엄청난 부잣집 자제들이 다니는 명문 오란고교에 특대생으로 입학하게 된 서민 후지오카 하루히  어느 날  조용히 공부할 곳을 찾던 하루히는 우연히  사교클럽  부실에 들어가게 되고     만엔 짜리 꽃병을 깨는 바람에 사교클럽에 빚을 갚아야 하는 신세가 된다  그러던 중 사교클럽 부장 타마키가  지명 손님    명을 모으면 빚을 없던 걸로 해주겠다 는 제안을 하고  하루히는  번째 사교클럽 멤버로서 여학생들을 대접하게 되는데 
1,카구야 님은 고백받고 싶어  천재들의 연애 두뇌전   기,일상,집안도 인망도 좋다   장래가 기대되는 우수한 수재들이 모인 슈치인 학원   그 학생회에서 만난 부회장 시노미야 카구야와 회장 시로가네 미유키는 서로에게 끌리고 있을 터였지만  아무 일도 없는 채로 반년이 경과   프라이드가 강하고 솔직하지 못한 두 사람은  귀찮게도  어떻게 상대방에게 고백을 받아낼 것인가  만을 생각하게 되어버렸다   연애는 성취될 때까지가 즐겁다   신감각  두뇌전  러브코미디 개전  
2,코바야시네 메이드래곤,일상,평범한 회사원인 코바야시는 다쳐서 움직이기 어려운 드래곤을 우연히 발견한다  코바야시는 갈 곳도 없던 드래곤의 사정을 알게 되어 치료를 해주고 집에서 함께 살게 한다  그렇게 집에 들어온 드래곤은 메이드가 되어 집안일을 하는데     코바야시와 메이드 드래곤의 일상 이야기 
3,코바야시네 메이드래곤 S,일상,엉망진창 드래곤 메이드가 다시 돌아온다  엉뚱한 계기로 코바야시의 집에서 메이드로서 일하게 된 드래곤 토르  제일 좋아하는 코바야시 씨에게 가끔 거짓말  엄청  폐를 끼치면서도 어떻게든 인간 사회에 적응해서 멋지게 거짓말  그럭저럭  메이드로서 일하고 있었다  같은 드래곤인 칸나  르코아  파프니르  엘마도 각자 보금자리를 발견해서 인간들과 이종 간의 커뮤니케이션을 만끽하고 있었다  그렇게 느긋하지만 때로는 격동적인 나날을 보내던 중  코바야시에게 새로운 드래곤의 위협이 다가오는데 
4,카구야 님은 고백받고 싶어  천재들의 연애 두뇌전   기,일상,집안도 인품도 좋다   장래를 기대 받고 있는 수재가 모인 슈치인 학원   그 학생회에서 만난 부회장 시노미야 카구야와 회장 시로가네 미유키는 서로 끌리고 있었지만    아무것도 없이 반년이 지났다   프라이드가 높아 솔직해지지 못하는 두 사람은  아주 귀찮게도  어떻게 상대방을 고백 시키느냐 만 생각하게 되어 버렸다   연애는 성취하기까지가 즐겁다   신감각 두뇌전 러브 코미디 개전  
5,슈퍼 시크릿,일상,평범한 여대생 은호와 조금 특별한 소꿉친구 견우의 술래잡기  은호만 모르는 이웃집의 비밀들이 밝혀지는데   유명 웹툰 원작  슈퍼 시크릿  오직 라프텔에서만 만나보실 수 있습니다 
6,다 다 다 ,일상,어느 날 갑자기 부모님이 모두 미국     로 파견되면서 중학생인 예나는 평소 부모님이 잘 알고 지내던 절에 맡겨지게 된다  그리고 스님의 아들인 우주와 목욕탕에서 마주치며 심상치 않은 첫 만남을 갖는다  그런데 설상가상으로 평상시에 잘 나지도 않는 수행 허가로 인해 스님은 수행을 떠나버려 결국 절에는 예나와 우주 둘만 남게 된다  처음부터 사이가 좋지 않아 티격태격하던 두 사람 앞에 갑작스레 집마당에    가 불시착하고  그 안에서 공중을 떠다니는 아기가 발견된다  두 사람은 시터 팻 바바에게서 아기의 이름이 루다라는 얘기를 듣게 되는데 
7,월간순정 노자키 군,일상,노자키를 좋아해왔던 사쿠라는 용기를 내서 자신의 마음을 고백한다  그러나 사쿠라의 말의 의미를 잘못 받아들인 노자키는 자신의 필명이 적힌 사인을 선물하고 어시스턴트로서 그녀를 집으로 데려오는데   
8,카구야 님은 고백받고 싶어  울트라 로맨틱 ,일상,수재들이 모이는 엘리트 학교  슈치인 학원 그곳 학생회에서 만난 부회장 시노미야 카구야와 학생회장 시로가네 미유키 누구나 어울린다고 인정하는 두 사람의 천재는 금세 이뤄질 거라 생각됐으나 지나치게 높은 프라이드 탓에 서로 고백조차 하지 못한 상태였다   어떻게 해서 상대에게 고백을 끌어낼까  연애 두뇌전에 온갖 지략을 다 써온 역전의 두 사람은 각자 마음속으로 어떠한 결심을 굳힌다  슈치인 고등부 문화제  봉심제  마지막 날까지 두 사람의 연애 상황은 크게 움직이게 되는가  사랑이 천재를 바보로 만든다   신감각  두뇌전   울트라 로맨틱한 러브 코미디 또다시 시동 
9,진정한 동료가 아니라고 용사 파티에서 쫓겨났기 때문에  변경에서 슬로우 라이프 하기로 했습니다,일상, 너는 진정한 동료가 아니다   최전방 전투에서 따라갈 수 없게 되어버린 영웅 레드는 동료 현자에게 전력 외를 선고받고 용사의 파티에서 쫓겨나고 만다   하아 그때는 많이 힘들었지    레드가 빠진 것으로 현자들이 대 패닉에 빠져 있는 줄은 모르고   정작 본인은 변경의 땅에서 약초점을 개업하려고 두근두근 하며 지내고 있었지만     나도 이 가게에서 일해도 될까   더부살이로   갑자기 예전 동료인 공주가 집까지 찾아왔는데     한가로이 즐거운 약방 경영    말괄량이 공주와의 꽁냥꽁냥 생활   보답받지 못한 영웅의 멋진 제   의 인생이 시작된다
10, 더빙  짱구는 못말려   ,일상,예쁜 누나와 초코비를 좋아하는  살 짱구와 살인적인 발 냄새를 가진 아버지 그리고 세일과 미남을 좋아하는 엄마  귀여운 여동생 짱아와 강아지 흰둥이와 함께 행복한 나날을 보내고 있는 평범하지만 신나는 가족의 일상을 그린 애니메이션 
11,신들에게 주워진 남자,일상,악덕 기업에서 시스템 엔지니어로서 일하는   세 독신 샐러리맨 타케바야시 료마는 홀로 아파트에서 어이없는 죽음을 맞이한다  천계로 올라간 료마였지만  창조신  사랑의 여신  생명의 신의 도움을 받아 어린아이의 모습으로 이세계로 전생   깊은 숲에서 혼자 느긋하게 살기 시작한  살의 료마는 마법으로 길들인 슬라임들과의 연구에 몰두하면서 새로운 생활을 즐긴다  다정한 사람들에게 둘러싸인 매일이 즐거운 한가로운 이세계 슬로 라이프 판타지 
12,귀엽기만 한 게 아닌 시키모리 양,일상, 최고로  멋있는 그녀 가 나타났다  불행한 체질인 남고생 이즈미 군의 여자친구는 동급생인 시키모리 양  웃는 모습이 멋지고 상냥하며 이즈미와 함께 있을 때는 언제나 행복해 보였다  가련하면서 귀여우며  평소에 애정이 가득한 그녀이지만 이즈미가 위기에 처하거나 할 땐  최고로 멋있는 그녀로 대변신  귀여움 멋있음이 넘쳐흐르는 시키모리와 이즈미를 비롯한 친구들의 즐거운 일상이 멈추지 않는다  고귀함       러브 코미디  드디어 스타트 
13,바라카몬,일상, 우선  손님은 현관으로 들어오라구   어떤 이유로 인해 일본의 가장 서쪽 끝 섬에서 살게 된 젊은 꽃미남 서예가  한다 세이슈   익숙지 않은 시골 생활을 시작한 선생님 앞에 천진난만한 섬 어린이 나루가 나타난다   젠장  어떻게 생겨먹은 정보망이냐      어느새 자택이 동네 꼬마들의 아지트가 되어있질 않나  요상한 소문이 하루 만에 온 동네에 쫙 퍼지질 않나  익숙지 않은 시골 생활에 고생하는  한다 세이슈   도시에서 자란 츤데레 선생님과 그릇이 커도 너무나 큰 섬사람들이 펼치는 하트 히트 아일랜드 코미디  이곳이라면 세이슈도 아주 조금은 솔직해질 수 있지 않을까 
14,에미야 가의 오늘의 밥상,일상,조금은 복작대는 식탁 풍경  봄에도  여름에도  가을에도  겨울에도 에미야 씨네 밥상에는 매일같이 맛있는 요리가 차려진다  자 그럼  오늘은 뭘 만들면 좋을까 
15,건어물 여동생 우마루짱,일상,용모단정  성적우수  스포츠 만능  누구나 동경하는 완벽한 여고생 도마 우마루  하지만 집에 돌아가면 건어물녀가 된다   만화  애니  게임  인터넷  콜라  포테이토칩  좋아하는 것에 둘러싸여 지내는 최고의 빈둥빈둥 타임  그런 모습을 아는 건 같이 사는 오빠 타이헤이뿐이다  타이헤이에 이어  같은 반 에비나  키리에  실핀포으로 구성된  우마루의 최강 최고 파라다이스 일상이 시작된다       
16,이세계 식당,일상,직장가와 인접한 상점가 한구석  강아지 간판이 눈에 띄는 상가 빌딩 지하  층에 그 가게가 있다  고양이가 그려진 문이 표식인 식당  양식당 네코야   창업한 이래   년간 직장가 샐러리맨의 배고픔을 달래 온 곳으로  양식당이라지만 양식 이외의 메뉴도 풍부하다는 점이 특징이라면 특징인 지극히 평범한 식당이다  그러나  어떤 세계  사람들에게는 특별하고 유일무이한 공간으로 탈바꿈한다  네코야에는 한 가지 비밀이 있다  정기 휴일인 매주 토요일  네코야는  특별한 손님 들로 북적거린다  경이로운 맛의 특별한 요리를 내놓는 네코야는  어떤 세계 사람들에게 이렇게 불린다  이세계 식당   그리고 딸랑딸랑 방울 소리는 이번 주에도 변함없이 울려 퍼진다 
17,미이라 사육법,일상,아버지가 보낸 소포 속에   미이라가   미이라와 함께 하는 유유자적한 생활이 시작됩니다 
18,데스마치에서 시작되는 이세계 광상곡,일상,한창 데스마치를 치르던 프로그래머 스즈키 이치로       사토 란 닉네임을 쓰는 그가 잠시 잠들었다 깨어나 보니 듣도 보도 못한 이세계에 방치되어 있었다  혼란에 빠질 틈도 없이 눈앞에는 처음 보는 괴물의 대군이 다가오고  하늘에서는 유성우가 쏟아진다  정신을 차리고 보니  최강 레벨의 힘과 막대한 부를 손에 넣었는데     이렇게 사토의  유유자적  가끔 시리어스  그리고 하렘 인 이세계 모험담이 시작된다  
19,이세계 식당  기,일상, 어서 오세요  감사합니다  양식당 네코야입니다    아렛타와 쿠로가 일하고 있는  양식당 네코야 는 고양이가 그려진 간판이 표식이다  언뜻 일본의 어디에나 있을 법한 보통의 식당이지만  일에 한 번  특별 영업 을 하는 토요일이 되면 이세계의 여러 장소로 문이 이어진다  문을 열고 오늘도 여러  저쪽 세계 의 손님들이 찾아와서 일품 요리를 맛보고 돌아간다  식당에 모인 사람들과 요리의 소중한 인여늘 그리는 이야기  따뜻한 만남의 문이 다시 한번 이어집니다 
20, 등분의 신부  ,일상,낙제 직전에다 공부를 싫어하는 미소녀 다섯 쌍둥이를 아르바이트 가정교사로서 졸업 전까지 가르치게 된 후타로  수련회에서 겪은 여러 사건을 통해 서로 간의 신뢰가 더 깊어진 후타로와 다섯 쌍둥이  그리고 이번에야말로 다섯 쌍둥이의 낙제점을 회피하기 위해 가정교사 업무에 매진하려고 하자마자 트러블이 속출한다  게다가 후타로의 첫사랑 상대인  사진 속 여자애 가 나타나      후타로와 다섯 쌍둥이의 새로운 시험의 막이 오른다  
21, 더빙  짱구는 못말려   ,일상,예쁜 누나와 초코비를 좋아하는  살 짱구와 살인적인 발 냄새를 가진 아버지 그리고 세일과 미남을 좋아하는 엄마  귀여운 여동생 짱아와 강아지 흰둥이와 함께 행복한 나날을 보내고 있는 평범하지만 신나는 가족의 일상을 그린 애니메이션 
22,사카모토입니다만 ,일상,이제 병맛도 스타일리시하게   당신은 이미 사카모토에게 흔들리고 있다       년 상반기를 뜨겁게 달군 화제의 개그물  일본뿐만 아니라 국내에서도 만화 독자들 사이에 많이 회자되고 있는 작품이다  너무나 쿨하고 황당한  차원 캐릭터 사카모토를 둘러싼 학원 일상 개그물  그림체의 진지함과는 전혀 다른 반전 임팩트가 매력이다  스타일리시한 등교  화려한 지각 회피  스마트한 런치 타임  사카모토  그의 엣지 넘치는 행동거지 하나하나가 여학생들의 마음을 두근거리게 만든다  이런 사카모토가 꼴 보기 싫은 학교 일진들은 그를 골탕 먹이려 하지만  어느새 그의 쿨 함에 교화되고 동성애의 눈마저 뜨고 마는데   
23, 자막  일하는 세포,일상,이것은 나의 몸 이야기  나의 몸 속의 이야기  사람의 세포 수는 약   조개  세포들은 몸의 세계 중심에서  오늘도 치열하게 일한다  혈액을 움직이는 적혈구  세균과 싸우는 백혈구   그리고 우리가 모르는 사이에도 열심히 움직이는 세포들의 이야기 
24,즐겁게 놀아보세,일상,우등생 같은 외모와 달리 오르지 않는 영어 점수에 고민이 많은 여중생  노무라 카스미 는 어릴적 부터 언니와의 내기 놀이에서 항상 지기만 하던 트라우마로 인해 놀이 자체를 기피 하고 있다  그러던 중  전학을 온 미국인 유학생 올리비아와 혼다 하나코가  참참참 놀이 를 하는 모습을 보 고 미국인인 올리비아에게 영어를 배울 속셈으로 그들과 엮여 놀이에 빠지게 된다  그러나 사실  올리비아는 일본에서 태어나고 자란 탓에 영어는 카스미만큼이나 성적이 좋지 못했다  결국 카스 미가 만들려던 영어 연구회는 놀이를 연구하는  놀이인 연구회 약칭 놀연  로 바뀌어 버리는데  얼굴 값 못하는 세 명의 미소녀들의 초현실 놀이 개그쇼 
25, 등분의 신부,일상,가난한 생활을 보내는 고등학생  학년 우에스기 후타로에게 좋은 조건의 가정교사 아르바이트 이야기가 들아온다  그런데 가르칠 대상은 놀랍게도 동급생   그것도 다섯 쌍둥이였다   전원 미소녀  하지만  낙제 직전    공부가 싫다 는 문제아  첫 과제는 자매로부터 신뢰를 얻어내는 것    매일이 야단법석  나카노   다섯 쌍둥이가 만들어내는 귀여움     의  인  색 러브코미디 개막  
26,나츠메 우인장  기,일상,요괴를 볼 수 있다는 비밀을 지닌 소년  나츠메는 요괴를 본다는 이유로 어릴 때부터 따돌림을 당해왔다  어느 날  그는 할머니 레이코의 유품인 요괴들의 계약서  우인장      을 입수하게 되는데  우인장에는 할머니 레이코와 승부를 벌이다 패배한 요괴들의 이름이 적혀있었다  그 후로 나츠메는 요괴들에게 쫓기는 처지가 되는데    수호자 야옹 선생님과 함께 요괴들에게 이름을 되돌려 주는 일을 하게 된 나츠메  수상한 계약기담이 시작된다  
27,아하렌 양은 알 수가 없어,일상,몸집이 작고 조용한 여자아이  아하렌 레이나 양  다른 사람과의 거리 조절이 조금 서툴다  그런 그녀의 옆자리에 앉은 라이도는 아하렌 양과의 사이에서 거리감을 느끼고 있었다  어느 날  아하렌 양이 떨어뜨린 지우개를 라이도가 주워 준 것을 계기로 둘 사이의 거리는 갑자기 가까워지는데    너무 멀었다가   너무 가까웠다가  예측 불가능한 아하렌 양  여러 가지 의미로   알 수 없는  밀착 계열  청춘 러브 코미디의 막이 오른다  
28,장난을 잘 치는 타카기 양  기,일상,중학교 같은 반이자 옆자리에 붙어 앉은 니시카타와 타카기 양  하루가 멀다 하고 걸어오는 타카기의 짖궂은 장난에 니시카타는 속수무책  매번 수모를 되갚아주려 해봐도 번번이 실패   두고 봐  오늘에야말로 타카기 양을 골탕 먹여서 그 새빨개진 얼굴을 보고야 말겠어    부끄러워 하는 사람이 지는   은근 달콤 청춘 러브코미디   
29,보이는 여고생,일상,보일 리 없는 것이 보였을 때 보면 안 되는 것을 보았을 때 당신은 어떻게 하시겠습니까        그리고 그것들이 말을 걸어온다면 이쪽을 향해 다가온다면 당신은 어떻게 하시겠습니까        쏜살같이 도망치시겠습니까  이상한 주술을 배우거나 아니면 영매사에게 부탁해서 그것들과 싸우겠습니까  여고생 요츠먀 미코가 선택한 것은    철저한 무시  아무것도 보이지 않는다  보이는 걸 깨닫지 못했다  이것은 여고생이 강철 같은 정신력과 무시하는 스킬을 구사해서 이형의   위험한   존재들을 회피하는 이야기       보이지 않을 뿐 그것들은 당신 주변에도 있습니다  저기 뒤에      
30,정령환상기,일상,슬럼가에서 사는 고아 소년 리오  그는 어느날 갑자기 전생의 기억을 떠올리게 되고  그와 동시에 자신이 강대한 마력을 가지고 있음을 깨닫게 된다  리오는 그 힘을 이용해 유괴된 왕녀를 구하게 되고  그 덕분에 귀족 아이들이 모인 명문학원에 특별 입학하게 되는데   귀족들의 차별과 멸시를 견뎌내고 최강의 기사를 향해  전생의 기억을 되찾은 소년의 새로운 인생이 지금 시작된다  
31,괴롭히지 말아요  나가토로 양,일상,후배 여자애 때문에 울어 버렸어          어느 날 방과 후 가끔 들르는 도서실에서 슈퍼  사디스트  후배에게 찍혔다  선배를 괴롭히고 비난하면서 즐거워하는 그녀의 이름은  나가토로 양   밉지만 사랑스럽고  괴롭지만 곁에 있고 싶다  당신의 내면에서 뭔가가 깨어나는   사디스트 부끄럼 소녀  이야기 
32,케이온   기,일상,부원이 모자라서 폐부 위기에 처한 경음악부에  명의 동갑내기 여고생이 모였다  모두 귀엽디 귀여운 여자아이지만  경음악부 활동 면에서는 그리 믿음직스럽지는 않은데   거기다가  명은 악기나 경음악에 대해서는 전혀 아는 바 없는 초심자   정말 이래도 되는걸까   그래도  자  연주 개시합니다 
33,너와 나의 눈높이,일상,사고뭉치에 눈치 없는 여대생  한미남   미남은 새 학기 첫날  오래 전 부터 만나고 싶었던 초등학교 동창  반민호 와 재회하게 된다  민호는 미남에게 잊지 못할 인생의 은인이었고  미남은 자칭 민호의 마니또가 돼 이런저런 도움을 주며 뿌듯해 한다  그러나 정작 민호는 미남을 만나면서 꼬이는 일이 한 두개가 아니게 된다  그녀가 하는 일이 사사건건 민폐가 되고 있었던 것이다  그렇게 티격태격하며 미운 정이 쌓이던 즈음  학교여신이자 후배인  김혜린 이 민호를 좋아한다고 미남에게 말하게 된다  민호에게 조금씩 이성의 감정이 싹트게 시작할 때 김혜린의 방해로 서로의 감정을 확인하지 못하게 되고  오해만 쌓여만 가는데 
34,타나카 군은 항상 나른해,일상,슬렁슬렁 느릿느릿 굼뜬 인센서티브 청춘 코미디 등장    매일이 어쩐지 나른  한숨  턱 괴기  졸린 듯한 눈     어쩐지 항상 나른한 타나카 군  그런 타나카 군과  그를 내버려두지 못하는 덩치 크고 과묵한 오오타 군이 보내드리는 슬렁슬렁 느릿느릿 굼뜬 인센서티브 청춘 코미디  어느 고등학교 교실 구석  졸린 눈으로 턱을 괴고 있는 고등학생 타나카는 언제나 나른하다  특히 근성이라는 단어와는 절대 인연이 없다  하지만 그런 타나카의 주변은 언제나 떠들썩한데    
35,케이온    기,일상,케이온 기  부원이 모자라서 폐부 위기에 처한 경음악부에  명의 동갑내기 여고생이 모였다  미오  츠무기  유이  리츠는  학년  아즈사는  학년이 되었다   학년이 졸업하고 나면 혼자 남게 되는 아즈사         기가 경음악부의 시작이었다면  기는 경음악부의 끝맺음을 향한다  원작 만화의    권을 애니메이션화 한 것으로  기보다 한층 업그레이드된 음악으로 찾아왔다  
36,쟈히님은 기죽지 않아 ,일상, 마계에서 마왕 다음의  인자로서의 지위를 뽐내던 쟈히 님  마족들의 경외를 받으면서  뭐든지 말하는 대로 이루어지고 사치도 있는 대로 부릴 수 있는 형편 좋은 나날들을 누리고 있었지만  마법소녀의 습격을 받아 인간계로 날려 보내지고 말았다  마력의 근원인 마석이 부서져버려 권력도 미모도 한순간에 사라진 채 쪼끄맣고 귀여운 모습으로 전락해버리고 말았다  빈곤한 생활을 강요받으면서  욕실도 없는 두 평 남짓한 방에서 지내며 요리 주점 아르바이트를 하는 나날들  동정도 집세 독촉도 모두 떨쳐내고  야망은 성대하게  마계 부흥 을 이루는 것 
37,금장의 벨메이유  벼랑 끝 마술사는 최강의 재액과 마법세계를 헤쳐나간다 ,일상,왕립 올티기아 마법학원    소환 마술에 성공하지 못해 유급될 위기에 처한 학생 알트는 우연히 발견한 낡은 소환 마술서에서 본 마법진을 그리고 봉인돼있던 악마 벨메이를 소환해버린다  그녀는 오래전부터 두려움의 대상이었던  악마 이자 재액을 불러오는 강대한 힘을 가지고 있었다  사역마가 된 벨메이에게는 정기적으로 마력을 공급할 필요가 있었고 그 방법은 진한 키스를 하는 것이었다  그런 두 사람의 관계를 질투하는 소꿉친구 리리아  그리고 전대미문의 사역마에 어리둥절해하는 다른 학생들  최강의 사역마와 계약한 알트는 위대한 마법사  플래티넘 스퀘어 를 목표로 한다  벼랑 끝 마술사와 불건전한 악마 누나의 왕도 판타지 개막 
38,네 귀가 보여,일상,고아원에서 자란 비인기 만화가 다이스우는 주위와 교류하지 않는 외롭고 지루한 하루하루를 보내고 있었다  그러나 어느 날  수수께끼의  고양이 귀가 달린 소년  묘의 출현에 의해 다이스우의 생활은 바뀐다  언제나 문제만을 일으키는 묘지만  다이스우의 마음에 지금까지의 고독한 생활에서는 느낄 수 없던  따뜻함 을 채워주었다  고양이 귀 소년 묘와  고독한 비인기 만화가 다이스우의 코미컬한 일상을 그려나가며  묘가 품고 있는 수수께끼의 정체가 점점 밝혀져 나가는 신감각 일상물 
39,건어물 여동생  우마루짱 R   기 ,일상, 밖에서는 모두가 부러워하는 예쁜 여동생이 집에만 돌아왔다 하면 콜라와 갑자칩을 끼고 만화책이나 게임  애니메이션  인터넷서핑으로 뒹굴뒹굴  함께 사는 오빠 타이헤이의 눈을 피해 욕망에 내키는 대로 행동한다  같은 반 친구인 에비나  키리에  실핀과 더 친해지면서 우마루의 일상은 더욱 시끌벅적  우마루의 최강이자 최고인 최상의 파라다이스가 다시 시작된다 
40,유루캠   기,일상,이것도 어느 겨울날의 이야기  야마나시에 사는 여고생 시마 린은 애차를 타고 바로 하마나코로 향한다  섣달그믐에 시작하는 오랜만의 솔로 캠핑  야마나시에서 출발해서 시즈오카의 이와타로  새해를 이와타에서 맞이하고 오늘은  일째  꽤 긴 거리를 운전했지만 왠지 즐겁다  그즈음 들른 해변에서 문득 린은 생각한다   역시 난  솔로 캠핑도 좋아  한편  그런 린의 마음을 아는 나데시코도 새로운 생각을 하게 된다  모두와 함께하는 캠핑은 정말 좋아  요리를 하고 모두가 좋아하면 기뻐  하지만   나도 린처럼 솔로 캠핑을 해 보고 싶어  나데시코와 린  두 사람의 만남에서 시작된 아웃도어 걸즈 스토리의 제 막이 지금 오른다 
41, 더빙  학원 베이비시터즈   판권 부활,일상,비행기 추락 사고로 부모님을 여읜 중학생 류이치와 그의 어린 동생 코타로  모리노미야 학원 이사장은 그런 두 형제의 후견인이 되어주는 대신 한 가지 조건을 내건다  그것은 바로  인원 부족으로 시달리는 모리노미야 학원 베이비시터부에 가입하여 아이 돌보미 일을 하라는 것  지칠 줄 모르는 장난꾸러기 아이들이 펼치는 수많은 사건 사고들  과연 류이치는 이 고난을 이겨내고  어린이들과 잘 어울릴 수 있을까    
42,블렌드 S,일상,주인공 사쿠라노미야 마이카는 선천적으로 눈매가 예쁘지 않아 아르바이트 면접에 붙지 못해서 괴로워하지만  우연한 계기로 찻집을 경영하는 쿠디노와 만나 그의 주선으로 찻집에서 일하게 된다  그 찻집은 사실 웨이트리스가 각각 주어진속성으로 접객하는 찻집으로 마이카는 쿠디노에  도   캐릭터를 맡기를 요청하는데 
43,동거인은 무릎  때때로 머리 위,일상, 난 지금  고양이한테 목숨을 위협받고 있다   미스터리 작가 미카즈키 스바루는  자신만의 상상의 세계를 방해하는 타인을 거북해한다  그런 스바루에게 찾아온 것은  마리의 새끼고양이  고양이의 불가사의한 행동을 보고 있는 와중에  소설의 소재가 떠오르는데    일상의 사소함이 겹겹이 쌓이며  우리들은  가족 이 되어간다   서툰남자 한 마리의 새끼고양이  둘이서 찾아가는 행복한 생활
44,나에게 천사가 내려왔다 ,일상,대인공포증이 심한 오덕계 여대생 호시노 미야코  미야코에게는 초등학교  학년이자 미야코를 잘 따르는 여동생 히나타가 있다  그리고 어느날  히나타가 같은 반 친구인 시로사키 하나를 집에 초대해 데려왔다  그런데 하나짱    완전 내 타입이다  마치 나에게 천사가 내려온 것처럼 귀여운 하나짱  미야코는 하나짱과 친구가 될 수 있을 것인가 
45,유루캠   기   판권 부활,일상,이것은 어느 겨울날의 이야기  시즈오카에서 야마나시로 전학 온 여고생 나데시코는  천 엔 지폐에 그려진 후지산 을 보기 위해 자전거를 타고 모토스코까지 왔지만 안타깝게도 날씨는 흐림이었다  후지산도 보지 못하고 지친 나데시코는 그 자리에서 잠이 들어 버린다  정신을 차려 보니 어느새 밤이었다  낯선 장소에 돌아가는 길이 어디인지도 모른다  불안함에 떨던 나데시코를 구원한 것은 솔로 캠핑을 좋아하는 여자아이 시마 린이었다  언 몸을 녹이기 위해 모닥불 앞에 앉는 두 사람  파직파직 하고 장작이 갈라지는 소리가 호숫가의 정적 속으로 스며든다  모닥불가에 앉아 카레면을 먹으며 이야기하는 나데시코와 린  이윽고 두 사람이 기다리고 기다리던 순간이 찾아온다   보인다       후지산        나데시코와 린 두 사람의 만남에서 시작되는 아웃도어 걸즈 스토리    
46,장난을 잘 치는 타카기 양  기,일상, 장난 으로 좁혀져 가는 두 사람의 거리      년 지켜보고 싶은 첫사랑이 여기에 있다  어느 중학교  옆 자리가 된 소녀 타카기양에게 여러가지 장난을 당하는 소년 니시카타  타카기양을 놀려주려고 대책을 짜도 언제나 타카기 양에게 간파 당해 버린다  어떻게든 타카기양을 놀래어 당황하게 만들기 위해 분투하는 나날    변하는 것은 계절 뿐만 아니라 니시카타의 마음에도    한편  우세하게 보였던 타카기 양에게도 동요되는 사태가     빈틈을 볼 것인가  빈틈을 보일 것인가  히죽 설렘 지수     의  장난 배틀   드디어 최종 라운드에     
47,가브릴 드롭아웃,일상,가브릴은 천계의 천사학교를 수석으로 졸업하고 인간계에 내려와서 고등학교를 다니며 인간들을 바른길로 인도하겠다는 사명을 가지고 있었다  처음에는 여러가지 봉사활동을 하며 자신의 사명을 잘 수행하는 듯 싶었지만 우연히 게임에 빠져 폐인이 되어버렸다  학교에도 제대로 나가지 않고 집은 쓰레기 더미로 꽉 차있는 등 가장 타락한 천사가 되어버렸는데     
48,왕실교사 하이네,일상,작다고 얕보지 말길  이몸은 왕실 전속 가정교사  하이네  님이다   왕자님 전속 가정교사  왕실교사 를 맡게 된 하이네  가르칠  명의 왕자는 개성이 너무 넘쳐나  안하무 인 격이다  작은 체구에 귀엽게 생긴 외모의 하이네를 왕자들은 대번에 무시하지만  이성적이고 핵심을 찌르는 하이네의 언변과 추진력에 조금씩 감화돼 간다  골치 아픈  명의 왕자들과 진지하게 대면하며 함께 공부하고  함께 걸어가고  함께 성장하는 왕실 코미디 
49,도우미 여우 센코 씨,일상,악덕 기업에 다니는 나카노는 매일 늦게 퇴근해 집에서 잠만 자고 다시 회사로 향하는 반복된 일상에 지쳐있다  그런 나카노의 앞에 나타난 것이 바로 여우 신선인 센코였다  센코는 식사  빨래 등 가사전반을 도와주며 피곤에 찌든 나카노에게 행복함을 느끼게 해주려 하는데     갑자기 시작된 센코 씨와 나카노의 동거  현대사회의 지친 모든 이들을 치유하기 위한  보살핌과 응석 어린 코미디가 시작된다 
50, 더빙  짱구는 못말려   ,일상,짱구네 집은 오늘도 평범하지만 신나는 하루   예쁜 누나와 초코비를 좋아하는  살 짱구와 살인적인 발냄새를 가진 아버지 그리고 세일과 미남을 좋아하는 엄마  귀여운 여동생 짱아와 강아지 흰둥이와 함께 행복한 나날을 보내고 있다  사고뭉치 짱구 때문에 하루도 조용한 날이 없지만  끈끈한 가족애로 재미있는 하루를 보내고 있다 
51,나츠메 우인장  기,일상,요괴를 볼 수 있다는 비밀을 지닌 소년  나츠메  그는 할머니 레이코의 유품인 요괴들의 계약서   우인장 을 입수한 뒤로는  요괴들에게 쫓기는 처지가 된다  수호자 야옹 선생님과 함께 요괴들에게 이름을 되돌려 주는 일을 하게 된 나츠메는  
52,나츠메 우인장  기,일상,요괴를 볼 수 있는 주인공 나츠메가 할머니의 유품인  우인장 을 물려받은 후  나츠메와 우인장을 지켜주는 냥코선생과 함께 우인장에 이름이 적인 요괴들에게 이름을 돌려주는 나날을 보낸다  다양한 요괴와 사람들과의 새로운 만남과 인연만큼이나 함께 늘어나가는 소중한 것들을 지키기 위해 나츠메와 조금씩 용기를 내 또 다른 만남을 위해 나아간다 
53, 더빙  짱구는 못말려   ,일상,짱구는 상식을 넘어서는 최고 장난꾸러기이다  짱구는 오늘도 어린이다운 발상과 탐구정신에 불타오르며 어린이스럽지 않은 언어구사능력과 화려한 댄스를 추며 엄마  아빠  주변 인물들을 경악시키는데     늘 말썽을 일으키는 짱구 때문에 엄마와 아빠는 늘 맘 고생을 하지만 그런 짱구의 말썽으로 가족애는 더욱 끈끈해진다  평범한 듯 소란스러운 짱구 가족의 이야기 
54,나를 좋아하는 건 너뿐이냐,일상,질문  만약  관심 있는 사람이 데이트를 신청하면 어떡할래  게다가 상대는 한 명이 아니라 쿨한 미인 코스모스 선배와 귀여운 소꿉친구 히마와리 까지 동시에 두 명   물론  의기양양하게 약속 장소로 가겠지  그리고 그곳에서 듣게 되는  고백 은 
55,나츠메 우인장  기,일상, 년 만에 애니화된 나츠메 우인장  기  요괴를 볼 수 있다는 비밀을 지닌 소년  나츠메는 요괴를 본다는 이유로 어릴 때부터 따돌림을 당해왔다  어느 날  그는 할머니 레이코의 유품인 요괴들의 계약서  우인장      을 입수하게 되는데  우인장에는 할머니 레이코와 승부를 벌이다 패배한 요괴들의 이름이 적혀있었다  그 후로 나츠메는 요괴들에게 쫓기는 처지가 되는데    수호자 야옹 선생님과 함께 요괴들에게 이름을 되돌려 주는 일을 하게 된 나츠메  수상한 계약기담이 시작된다  
56,귀여우면 변태라도 좋아해 주실 수 있나요 ,일상,여자친구 없는 기간   연령인 평범한 고등학생  키류 케이키에게 갑작스럽게 날아든 러브레터  드디어 여자친구가 생긴다는 기쁨도 잠시  보낸 사람의 이름이 없다  게다가 어째서인지 새하얀 팬티가 들어 있는데  그의 주변을 둘러싼 귀여운 여자아이들이 모두 수상한 데다  조금은 사연이 있는 분위기다  과연  팬티를 떨어뜨린 신데렐라 는 누구인가  수수께끼가 수수께끼를 부르고  변태마저 불러버린다  신감각 변태가 나오는 러브코미디가 시작된다  뭐  그런 건 아무래도 상관없겠지  어쨌든 발신인을 이  명 중에서 찾아내야 해  기다려라  미래의 나의 여자친구   그리고 다음 날  나는 그 날의 덧없는 기쁨을 후회하게 된다
57,남자 고교생의 일상,일상,남자 고등학생은 바보다  사나다 북 고등학교 남고 에 다니고 있는 타다쿠니  히데노리  요시타케의  인방은 방과 후에 시시껄렁한 놀이를 즐기는 평범한 고등학생이다  그들을 중심으로 펼쳐지는 진지하고 우스꽝스러운 나날들  미워하려야 미워할 수 없는 매력을 가진 남자 고등학생들의 포복절도 일상이 지금 시작한다 
58,BanG Dream   nd Season,일상,고등학교  학년이 된 카스미와              멤버들  학생회나 가계 돕기  학원이나 알바로 바빠지고   명이 함께 있을 수 있는 시간이 줄어들어  거점인 아리사네 창고에도 좀처럼 모이지 못하게 된다  그런 그녀들 앞에 한 소녀가 나타났고     새로운 만남  변하지 않는 인연                                       헬로  해피 월드  도 등장하여  개성 넘치는 밴드 멤버들이 반짝거리고 두근거리는 스테이지를 보여줍니다   다시  다 같이 라이브를 하고 싶어  음악 꿈 이 지금  달리기 시작한다 
59,이웃집 흡혈귀 씨,일상,아마노 아카리는 깊은 숲 속에서 서양식 저택을 찾고 있었다  그곳에는 오랫동안 모습이 변하지 않는 인형 소녀가 살고 있다고 한다  하지만  숲 속에서 길을 잃어 버리고  갑자기 나타난 소피라는 소녀의 도움을 받는다  소피는 자신을 흡혈귀라고 소개하는데 
60,나츠메 우인장  기,일상,외할머니 레이코의 유품  요괴들을 부릴 수 있는 계약서  우인장      을 물려받아 요괴들에게 이름을 돌려주는 나날을 보내는 소년 나츠메  어렸을 때 부터 다른 사람들 눈에는 보이지 않는 것들을 보면서 우울한 시간을 보냈던 나츠메  나츠메는 후지와라 부부와 친구들과 점차 거리가 가까워지며 밝은 모습을 찾아간다  그러던 어느 날  나츠메는 눈 앞에서 재앙을 알리는 요괴 카게쟈완을 목격한다   기와 비교하면 더 잘생겨진    나츠메를 볼 수 있는 나츠메 우인장  기 
61,아케비의 세일러복,일상,무대는  시골의 명문 여학교 사립 로우바이 학원  어떤 계기로 이 학원의 세일러복을 입는 것이  꿈 이었던 소녀  아케비 코미치  소원을 이루어 설렘과 함께 입학식 당일을 맞이했지만     저는 세일러복을 입을래요  굳게 결심하고  꿈의 중학교 생활이 시작된다  반 친구들  급식  부활동   모든 게  처음 인 매일에 코미치는 최선을 다해 즐긴다  소녀들의  반짝반짝 빛나는 청춘 일기   친구가 많이 생길까  
62, 더빙  짱구는 못말려   ,일상,짱구네 집은 오늘도 평범하지만 신나는 하루   예쁜 누나와 초코비를 좋아하는  살 짱구와 살인적인 발냄새를 가진 아버지 그리고 세일과 미남을 좋아하는 엄마  귀여운 여동생 짱아와 강아지 흰둥이와 함께 행복한 나날을 보내고 있다  사고뭉치 짱구 때문에 하루도 조용한 날이 없지만  끈끈한 가족애로 재미있는 하루를 보내고 있다 
63,한다 군   판권 부활,일상,유명 서예가 한다 세이메이의 아들로서  고등학생임에도 불구하고 서예의 길을 걷고 있는 한다 세이  학교 사람들은 한다를  그 누구에게도 다가가지 않으며 고독함을 씹고 있는 한 마리의 고고한 늑대 라고 생각하고 있지만  사실 본인은  학교 사람들에게 미움받는 게 아닌가    라고 착각을 하고 있었는데    착각과 의심암귀로부터 시작하는 네거티브 청춘 개그 코미디가 지금 시작한다 
64, 더빙  짱구는 못말려   ,일상,짱구네 집은 오늘도 평범하지만 신나는 하루   예쁜 누나와 초코비를 좋아하는  살 짱구와 살인적인 발냄새를 가진 아버지 그리고 세일과 미남을 좋아하는 엄마  귀여운 여동생 짱아와 강아지 흰둥이와 함께 행복한 나날을 보내고 있다  사고뭉치 짱구 때문에 하루도 조용한 날이 없지만  끈끈한 가족애로 재미있는 하루를 보내고 있다 
65,나츠메 우인장  기,일상,요괴를 볼 수 있는 소년  나츠메는 할머니 레이코의 유품인 요괴들의 계약서   우인장      을 입수한 뒤로 요괴들에게 쫓기는 처지가 된다  수호자 야옹 선생님과 함께 요괴들에게 이름을 되돌려 주는 일을 하게 된 나츠메  수상한 계약기담의  기가 시작된다   친구들과 함께 별똥별을 보러 가기로 한 나츠메  그러나 동방의 숲에서 찾아온 요괴가 나츠메의 우인장을 노린다  나츠메는 요괴들로부터 도망치다가 오래된 집을 발견한다  나츠메는 그 집에 숨어 들어가지만 그곳은 마토바가 요괴를 잡기 위해 쉬는 집이었다  나츠메의 과거를 알고 있는 마토바  그는 나츠메에게 마토바 일족에 들어올 것을 제안하는데   
66, 더빙  짱구는 못말려   ,일상,예쁜 누나와 초코비를 좋아하는  살 짱구와 살인적인 발 냄새를 가진 아버지 그리고 세일과 미남을 좋아하는 엄마  귀여운 여동생 짱아와 강아지 흰둥이와 함께 행복한 나날을 보내고 있는 평범하지만 신나는 가족의 일상을 그린 애니메이션
67, 무삭제  일하는 세포,일상,이것은 나의 몸 이야기  나의 몸 속의 이야기  사람의 세포 수는 약   조개  세포들은 몸의 세계 중심에서  오늘도 치열하게 일한다  혈액을 움직이는 적혈구  세균과 싸우는 백혈구   그리고 우리가 모르는 사이에도 열심히 움직이는 세포들의 이야기 
68,실내캠핑 ,일상,야클  여행을 떠나다  야외활동 서클 줄여서 야클  부원은 겨우  명  야마나시현 구석에 위치한 모토스 고등학교에서도 구석에 있는 부실동에서  장어의 은신처 같은 한 귀퉁이를 부실로 사용하는 느슨한 아웃도어 서클  오늘도 어김없이 카가미하라 나데시코가 좁은 부실에서 한가롭게 시간을 보내고 있던 그때 오가키 치아키와 이누야마 아오이가 갑자기  지금부터 여행을 떠나자  라고 말한다  어리둥절한 나데시코를 데리고 야클 멤버들이 야마나시현을 동분서주한다  각 지역의 특산물을 맛보며 펼치는 여고생들의 기묘한 여행길  이 여행의 종착점은 어디일까  
69,우마욘,일상,우마무스메의 매력에 가볍게 빠지는 비장의 쇼트 애니메이션  우마무스메들이 팝하고 큐트한 애니메이션이 되어서 움직인다  트레센 학교를 무대로 펼쳐지는 경주  라이브  트레이닝       뿐만이 아니다   우마무스메들의 느긋한 학교생활을 꾹꾹 눌러 담은 쇼트 애니메이션  이제  달리기 시작합니다 
70,벨제붑 아가씨의 뜻대로,일상,느슨하고 달콤한  악마 의 일상  일찍이 천계를 떠나  악마가 된 천사들이 일하는 마계 만마전 판데모니엄 의 주인 벨제붑 각하  그 리고 벨제붑을 근시로 모시게 된 신입 직원 뮬린  벨제붑은 지적이고 쿨하다    라고 생각했는데  사실은 머리 속이 푹신 푹신 너무 느슨한 소녀였다  동경과 현실의 차이에 당황하면서도 점점 벨제붑과의 거리를 좁히는 뮬린  그런 두 사람을 둘러싼  이 또한 어설프고 독특한 악마들  이 이야기는 악마들이 있는 기분에 이름을 붙일 때 까지 이야기    일지도 모른다 
71, 더빙  짱구는 못말려   ,일상,짱구네 집은 오늘도 평범하지만 신나는 하루   예쁜 누나와 초코비를 좋아하는  살 짱구와 살인적인 발냄새를 가진 아버지 그리고 세일과 미남을 좋아하는 엄마  귀여운 여동생 짱아와 강아지 흰둥이와 함께 행복한 나날을 보내고 있다  사고뭉치 짱구 때문에 하루도 조용한 날이 없지만  끈끈한 가족애로 재미있는 하루를 보내고 있다 
72, 더빙  짱구는 못말려   ,일상,짱구네 집은 오늘도 평범하지만 신나는 하루   예쁜 누나와 초코비를 좋아하는  살 짱구와 살인적인 발냄새를 가진 아버지 그리고 세일과 미남을 좋아하는 엄마  귀여운 여동생 짱아와 강아지 흰둥이와 함께 행복한 나날을 보내고 있다  사고뭉치 짱구 때문에 하루도 조용한 날이 없지만  끈끈한 가족애로 재미있는 하루를 보내고 있다 
73, 더빙  짱구는 못말려 더 비기닝,일상,짱구네 집은 오늘도 평범하지만 신나는 하루   예쁜 누나와 초코비를 좋아하는  살 짱구와 살인적인 발냄새를 가진 아버지 그리고 세일과 미남을 좋아하는 엄마  귀여운 여동생 짱아와 강아지 흰둥이와 함께 행복한 나날을 보내고 있다  사고뭉치 짱구 때문에 하루도 조용한 날이 없지만  끈끈한 가족애로 재미있는 하루를 보내고 있다 
74, 무삭제  히나마츠리,일상,야쿠자  아시카와 파에서 두각을 나타내는 조직원 닛타  어느 날 그의 집에 수수께끼의 소녀 히나가 나타난다  히나의 엄청난 힘에 굴복하여 히나에게 의식주를 제공하게 된 닛타  닛타는 자신을 괴롭히던 히나의 초능력이 상황에 따라 엄청난 득이 될 수도 있다는 사실을 깨닫고  그와 동시에 닛타에게 부두목의 가혹한 명령이 떨어진다 
75,BanG Dream   rd Season,일상,  월  일 화요일   시   분   화 서비스 예정입니다   포피파 주최 라이브로부터  개월  즐거운 여름방학을 거쳐  계절은 가을  창고연습  아르바이트  학생회   평소대로의 나날을 지내고 있는             는  라이브하우스       에서  어떤 포스터를 발견한다  한편  운명의 밴드 멤버를 찾고 있던 롯카에게  한 통의 초대장이 오게 된다    다시 한 번 시작되는 반짝반짝 두근두근한 스테이지  모두와 함께라면  어떤 꿈이라도 꿰뚫을 수 있어 
76,내 여자친구가 너무 성실한 처녀 빗치인 건,일상,한없이 진지하게 수위를 넘나드는 여자친구가 고민   아슬아슬 고수위 애니메이션 
77, 자막  학원 베이비시터즈   판권 부활,일상,비행기 사고로 부모님을 잃은 류이치와 코타로 형제  같은 사고로 아들 부부를 잃은 모리노미야 학원 이사장 할머니는 형제를 맡아주는 대신  류이치에게 베이비시터부에 가입하여 교내 어린이 놀이방에서 알바를 하라고 명하는데   
78,여동생만 있으면 돼 ,일상,여동생만 있으면 인생은 항상 최고일 텐데 왜 나한텐 여동생이 없지  여동생이 여주인공인 작품만 써내는 여동생바보 소설가 하시마 이츠키의 주변에는 개성적인 사람들로 가득하다  천재작가이자 변태인 카니 나유타  대학생인 시라카와 미야코  세무사인 오노 에슐리  각자 고민을 떠안고 있으면서도 소설을 쓰거나 게임을 하거나 술을 마시는 떠들썩한 나날을 보내는 이츠키일행  그런 그들을 따뜻하게 지켜보는 이츠키의 동생 치히로에겐 남들에게 말 못할 큰 비밀을 갖고 있다  즐겁지만 양심에 찔리는  천재  평범한 사람  괴짜들이 펼쳐나가는 러브코미디  스타트    
79,타마코 마켓,일상,우사기야마 상점가에 있는 떡집의 딸  키타시라카와 타마코 는 자신이 자란 상점가와 떡을 너무나 좋아하는 고등학교  학년  상점가가 가장 바쁜 시즌인 연말  떡집 일을 돕느라 정신없는 타마코에게 느닷없이 사람의 말을 하는 거만한 새  데라 가 찾아왔다   타마코와 신기한 새  데라 가 펼치는 시끌벅적한  년이 시작됩니다 
80,불쾌한 모노노케안,일상,평범한 고등학생 주인공 아시야는 고등학교 첫 등교를 하고 집으로 가는 중에 이상한 물체를 밟고 만다  그 물체가 아시야의 어깨에 들러붙고 아시야는 현기증을 느낀다  날이 지날 수록 몸이 약해지던 아시야는 우연히 학교 게시판에 요괴를 퇴치해준다는 포스터를 발견하고  모노노케안 을 찾는다  그리고 아베노 하루이츠키를 만난다  아시야는 어깨에 붙은 요괴를 퇴치해달라고 부탁하는데        알고보니 아베노는 현세의 요괴를 성불시켜 은세 카쿠리요 로 돌려보내는 일을 한다고  츤데레 아베노와 주인공 아시야의 요괴 퇴치 콤비 에피소드 
81,초보 연금술사의 점포경영,일상,고아원에서 자란 초보 연금술사 사라사는 돌아가신 부모님과 똑같이 가게를 차리는 게 꿈  그런 사라사가 양성학교의 졸업 선물로 스승님에게 받은 것은  어느 변방 마을의 빈 점포였다  예정보다 빨리 이루어지는 꿈에 설레는 사라사였지만  기다리고 있던 것은 너덜너덜한 점포  낯선 커뮤니케이션  위험한 소재 수집에 마물 퇴치   풍부한 지식과 높은 마력  단련된 검술을 무기로 낯선 땅에서 고군분투하는 사라사  점포 경영을 통한 성장 스토리와 연금술이 만들어낸 다양한 사건들이 시작된다 
82,길모퉁이 마족,일상,어느 날  갑작스레 어둠의 힘을 각성하여 마족이 된 여고생 요시다 유코  마족이 된 유코는 집안에 대대로 내려오는 봉인을 풀기 위해 마법소녀를 쓰러트려  그녀들의 피를 손에 넣어야만 하는 숙명을 짊어지게 된다  그렇게 어둠의 힘을 사용해 숙적 마법소녀와 치열한 싸움을 벌이게 된 유코  하지만  그 마법소녀는 자신의 생명을 구해준 은인   게다가 세계를 구했다고 하는 엄청 강력한 마법소녀   풋내기 마족 유코는 마법소녀를 쓰러트리고 일족의 저주를 풀 수 있을까     마족과 마법소녀가 평화롭게 싸우는 매지컬 일상 코미디가 지금 시작됩니다 
83, 더빙  짱구는 못말려   ,일상,짱구네 집은 오늘도 평범하지만 신나는 하루   예쁜 누나와 초코비를 좋아하는  살 짱구와 살인적인 발냄새를 가진 아버지 그리고 세일과 미남을 좋아하는 엄마  귀여운 여동생 짱아와 강아지 흰둥이와 함께 행복한 나날을 보내고 있다  사고뭉치 짱구 때문에 하루도 조용한 날이 없지만  끈끈한 가족애로 재미있는 하루를 보내고 있다 
84,이누x보쿠 시크릿 서비스,일상,최강의 시큐리티를 자랑하는 고급 멘션 메죵 드 아야카시  통칭 요관  온갖 뒤숭숭한 소문들이 끊이지 않는 이곳의 실체는 격세유전의 요괴인간들이 살고 있는 괴이한 멘션  사람을 대함에 있어 치명적인 버릇을 갖고 있는 소녀 시라키인 리리치요는 그러한 자신을 바꾸고자 메죵 드 아야카시에 입주하게 된다  그리고 그곳에서 만나게 되는 시크릿 서비스 미케츠카미 소시  귀여운 주인님과 충성스러운 하인  그리고 개성넘치는 거주민들이 펼쳐 나가는 괴이 맨션 러브 코미디 
85,치트 약사의 슬로 라이프  이세계에 만들자 드러그 스토어 ,일상, 사축으로서 매일매일 일할 뿐이었던 남자  키리오 레이지  오늘도 얼빠진 눈으로 회사로 가고 있던 와중에 어느샌가 이세계의 숲에 와있었다     아아  이것이 요즘 유행한다는 이세계 전생인가  가지고 있는 스킬은 감정  창약 두 종류  그렇게 거창한 것들은 아닌   뭐  상관없나  그렇게 생각하고 있었지만  생각한 것 이상으로 치트 같은 스킬들이었다는 것으로 판명  이 세계에는 없었던 회복약같은 걸 차례로 제조해 순식간에 한밑천 잡게 되었다  이제 사축으로서 일하는 건 완전 사양이다  유유자적한 슬로 라이프를 보내기로 결심하고 드러그 스토어를 열었다  그렇게  이세계의 드러그 스토어를 무대로 한 슬로 라이프 이야기가 시작된다 
86,바보걸,일상,귀엽게 생긴 여학생   하나바타케 요시코 는 실은 굉장한 바보였다  바보의  바보에 의한  바보를 위한 러브코미디 
87, 더빙  짱구는 못말려   ,일상,짱구네 집은 오늘도 평범하지만 신나는 하루   예쁜 누나와 초코비를 좋아하는  살 짱구와 살인적인 발냄새를 가진 아버지 그리고 세일과 미남을 좋아하는 엄마  귀여운 여동생 짱아와 강아지 흰둥이와 함께 행복한 나날을 보내고 있다  사고뭉치 짱구 때문에 하루도 조용한 날이 없지만  끈끈한 가족애로 재미있는 하루를 보내고 있다 
88,마술선배,일상,마술을 좋아하는데 실패율         미인이지만 허당에 조금 야릇한 선배의 마술            문화부계 최종병기 히로인이 지금 탄생한다 
89, 더빙  일하는 세포,일상, 매주 일요일 밤   시   화씩 업데이트 됩니다  이것은 나의 몸 이야기  나의 몸 속의 이야기  사람의 세포 수는 약   조개  세포들은 몸의 세계 중심에서  오늘도 치열하게 일한다  혈액을 움직이는 적혈구  세균과 싸우는 백혈구   그리고 우리가 모르는 사이에도 열심히 움직이는 세포들의 이야기 
90,토끼 드롭스,일상,외할아버지의 부음을 받고 몇 년만에 본가로 돌아온 다이키치  하지만 집안은 외할아버지에게 숨겨둔 딸이 있었다는 사실 탓에 발칵 뒤집혀 있었다  외할아버지의 딸  린의 나이는 이제 겨우  살  엄마 되는 사람은 흔적조차 없고 린의 거취에 대해 서로 미루는 친척들의 태도에 다이키치는 폭발하고  결국 자신이 린을 맡겠다고 선언하고 만다  그리고   살 노총각 조카와 묘한 느낌의  살 이모의 동거생활이 시작되는데   
91,주문은 토끼입니까   기,일상,고등학교에 입학하게 되어 새로운 도시로 오게된 코코아는 길을 잃고 우연히 찻집 래빗하우스에 들어가게된다  실은 그곳은 그녀가 생활하게 될 곳 이었는데    모든것이 귀여운 래빗하우스에서 귀여운 그녀들의 생활이 시작된다 
92,일하는 세포  기,일상,이것은 당신의 이야기이자  당신 몸속의 이야기  사람의 세포 수는 약   조개  세포들은 몸의 세계 중심에서  오늘도 건강하게 쉴 새 없이 일하고있다  산소를 옮기는 적혈구  세균과 싸우는 백혈구     그곳에는 알려지지 않은 세포들의 드라마가 있었다  새로운 세포  새로운 세균이나 바이러스의 등장으로 인해 이야기는 새로운 전개로  의인화물의 새로운 정석  대인기 코믹 애니메이션  일하는 세포   기 개막 
93,길모퉁이 마족  번가,일상,마족 마법소녀의 마을 일상 판타지가 돌아왔다  마족의 힘에 눈뜬 후  어둠의 일족의 봉인을 풀기 위해 어설프지만 열심히 맞서 싸워 온 샤미코  라이벌이었어야 할 마법소녀 모모와는 어째서인지 협력 관계가 되어 버리고  마을에서 자취를 감춘 마법소녀의 비밀을 함께 추적하기 시작한다      게다가 마을에는 새로운 마족까지 잠입해 있는데  샤미코의 앞날에는 과연 어떤 일이 펼쳐질 것인가 
94,히나마츠리,일상,야쿠자  아시카와 파에서 두각을 나타내는 조직원 닛타  어느 날 그의 집에 수수께끼의 소녀 히나가 나타난다  히나의 엄청난 힘에 굴복하여 히나에게 의식주를 제공하게 된 닛타  닛타는 자신을 괴롭히던 히나의 초능력이 상황에 따라 엄청난 득이 될 수도 있다는 사실을 깨닫고  그와 동시에 닛타에게 부두목의 가혹한 명령이 떨어진다 
95,일하는 세포 BLACK,일상,매일 부지런히 온몸으로 산소를 나르는 신참 적혈구  그러나 그의 직장의 노동환경은  철저하게 블랙   음주  흡연  스트레스  수면부족    건강하지 못한 종합 상사와 같은 세계에서 과중 노동 끝에 세포들은 무엇을 생각할까  이것은 당신의 몸의 이야기  
96,런웨이에서 웃어줘,일상,신장은       에서 더 이상 자라지 않았다    후지토 치유키의 꿈은 파리 컬렉션 모델  모델로서는 치명적인 저신장인 탓에  주변 사람은  포기해  라고 말하지만  치유키는 꺾이지 않는다  그러던 도중  치유키는 같은 반의 가난한 남자아이 츠무라 이쿠토의 포기할 수 없는 꿈 패션 디자이너를  무리가 아닐까  라며 단념해버리고 마는데      이루어질 수 없다는 선고를 받더라도  그럼에도 외골수로 꿈을 쫓아 달리는 두 사람의 이야기 
97,최근 고용한 메이드가 수상하다,일상,최근에 메이드를 고용했다  일에는 항상 열심이고 성실하지만  매우    수상하다  시골에 있는 자그마한 저택의 주인인 유리는  갑자기 나타난 메이드 릴리스의 정체를 파헤치고 있었다  과거도 목적도 불명이지만 이상할 정도로 잘 일하고  요리도 빨래도 무서울 정도로 완벽하다  그리고  그 빨려들 것 같은 보랏빛 눈동자  분명 릴리스가 무언가를 꾸미고 있는 게 틀림없다고  너무나도 수상하다고 생각했지만 유리는 뭐를 어떻게 할 수가 없어 곤란해하고 있었다  이것은 고독했던 한 명의 소년과  갑자기 나타난 수상한 메이드가 조금씩 인연을 쌓아가는 이야기 
98,갸루와 공룡,일상,낙천적이고 솔직한 성격의 갸루  카에데 는 집으로 돌아가던 길에 공룡을 데려오고  그날부터 얼떨결에 공룡과의 동거가 시작된다  공룡 같은 건 잘 모르지만 어떻게든 되겠지 
99,스노하라장의 관리인 씨,일상,여자 아이 같은 귀여운 외모 탓에 남자 취급을 받지 못해온 소년 시이나 아키는 중학교 입학을 계기로 자신을 바꿔보고자 시즈오카에서 도쿄로 상경해 하숙 아파트  스노하라장 에 들어간다  그곳에서 아키를 기다리고 있던 것은 아무도 못 말리는 장난끼 많은 스노하라장의 관리인 아야카에 몸도 마음도 귀여움 받는 매일이었다  또한 다른 동거인들도 모두 연상의 여자들 뿐  힐링과 두근거림이 가득하면서도  무심결에 관리인에게 어리광 부리고 싶어지는 나이차이 로맨틱 코미디 결정판 
100,책벌레 공주,일상,후작 영애인 엘리아나는 어릴 적부터 책을 좋아해  독서광도 아닌  책벌레 공주 라는 별명이 붙었다  그런 괴짜 아가씨에게 왕태자인 크리스토퍼는 말했다   나와 약혼해 줬으면 해 라고  약혼함으로써 크리스토퍼는 궁전 내부의 파벌 싸움에서 해방되고  엘리아나는 왕태자의 약혼자로서 왕궁 서고실에 출입할 수 있게 되었다  이것은 어디까지나 서로의 이익을 위한  계약  약혼일    터였다   년의 세월이 지난 어느 날  엘리아나는 크리스토퍼가 자작 영애인 아이린과 사이좋게 얘기하는 모습을 목격하고 말았다  이에 엘리아나는 마침내 약혼이 파기되는 순간이 온 건가 하고 각오했지만  가슴속에서는 복잡한 마음이 소용돌이치고 있었다  책을 좋아하는 영애의 착각 러브 판타지  엘리아나와 크리스토퍼의  진정한 사랑 의 행방은 과연 
101,쿨하고 바보 같은 남자,일상,유난히 눈길을 끄는  쿨하고 멋있는 남자들  어딘가 다가가기 어려운 면이 있지만    그들은 모두  바보 였다  지갑을 잃어버린다든지  지하철에서 이어폰은 꽂지 않은 채 노래를 틀어놓는다든지  콘택트렌즈를 낀 채로 안경을 올리는 동작을 한다든지  주름 빨대인 걸 모르고 입구 부분을 음료수에 꽂아 쓴다든지  우산이랑 헷갈려서 구둣주걱을 들고 다닌다든지  그런 바보 같은 모습조차 쿨하게 소화해버리는  쿨하고 바보 같은 남자 들  바보 같은 짓도 하지만 있는 그대로의 모습으로 열심히 살아가는 그들의 일상담을 전해드립니다 
102,슬로우 루프,일상,바닷가에서 홀로  돌아가신 아버지가 가르쳐주신 제물낚시를 즐기는 소녀 히요리  평소처럼 낚시를 하고 있는데 갑자기 바다에 들어가려고 하는 천진난만한 소녀 코하루와 만나게 되었습니다  둘은 같이 낚시를 하게 되었지만  실은 서로의 부모님이 재혼을 하게 되면서 하나의 가족으로 엮이게 되었는데    엉뚱한 만남으로  자매 가 되어버린 히요리와 코하루와 함께   낚시 를 하면서 느긋하게 있어 보시지 않겠습니까 
103,센류소녀,일상,말하고 싶은 것은    의 센류로 전하는 소녀 유키시로 나나코와 겉모습은 무섭지만 마음은 상냥한 부스지마 에이지  단   자로 뽑아지는 두 사람의 일상은 언제나 행복이 가득 
104,극장판 짱구는 못말려  기   어른제국의 역습,일상,떡잎마을에   세기 박물관이 생기자 어른들은 그곳에 푹 빠져 헤어 나오지 못한다  그러던 어느 날    세기 박물관은   를 통해 중요한 안내 방송을 한다  그때부터 어른들은 어린아이처럼 행동하기 시작했고  다음 날 아침에는 박물관에서 보낸 트럭을 타고 단체로 사라진다  그 이후 남겨진 아이들도   세기 박물관에서 보낸 트럭에 실려 어딘가로 끌려가고  짱구와 친구들은 이리저리 도망친다  그러다 어른들을 찾으러 간   세기 박물관에서 이 모든 일을 꾸민 켄을 만난다  켄은 어른들이   세기의 냄새에 취해 어린 시절로 돌아갔다고 하면서  자신의 목표는   세기를 되살리는 것이라고 한다  한편  짱구는   세기 박물관에서 아버지와 어머니를 구하고  한자리에 모인 짱구 가족들은 켄의 음모를 막기 위해 마지막 결전을 준비하는데  
105,주문은 토끼입니까  BLOOM,일상,고등학교에 입학하게 되어 새로운 도시로 오게된 코코아는 길을 잃고 우연히 찻집 래빗하우스에 들어가게된다  실은 그곳은 그녀가 생활하게 될 곳 이었는데    모든것이 귀여운 래빗하우스에서 귀여운 그녀들의 생활이 시작된다 
106, 더빙  쥬로링 동물탐정,일상,변신 콤팩트  쥬로링 을 통해 동물로 변신 할 수 있는 능력을 얻은 키키 밍밍  루루 세 자매와 건이  미누는 애니멀리언 공주 카논과 그 일당들의 음모를 저지하기 위해 탐정단을 결성하고 사건을 해결하고자 나서게 된다  사건들을 통해 동물과 교감하며 동물을 이해해가는 과정을 그린 따뜻한 애니메이션이다 
107,쿠노이치 츠바키의 속마음,일상, 마을에서 멀리 떨어진 깊은 산속에  어떤 쿠노이치 집단이 살고 있었습니다  그 집단의 이름은  아카네조  개성 풍부한 쿠노이치들이 여러 반으로 나뉘어 서로 절차탁마하면서 자신의 술법을 갈고닦고 있었습니다  그런 아카네조에는  남성과의 접촉 금지 라는 절대 어겨서는 안되는 철칙이 있었습니다  아카네조 개반의 반장인 수습 쿠노이치 츠바키는 조의 우두머리도 인정하는 인술 사용자로  주위 사람들도 신뢰하는 리더 격 인물이었습니다  하지만  츠바키는 자꾸 신경 쓰이는 일이 있었습니다  그것은 지금까지 본 적도  접촉해 본 적도 없는  남자 에 대한 것  한번  만나보고 싶다   생각하면 생각할수록 멈추지 않는 가슴의 두근거림  아아  이 마음을  어떻게 하면 좋을까요   남자 금지 쿠노이치 코미디 만화가 대망의 애니화  순진하고 가련한 쿠노이치들의 따스하고 귀여운 일상  시작합니다 
108,우치타마    우리집 타마를 모르시나요  ,일상,어느 마을의  번가에는 어느 포스터가 잔뜩 붙어있었다  포스터에 그려진 것은 꼬리 끝이 살짝 꺾인 고양이와  우리 집 타마를 모르시나요  라는 글자  그 포스터를 바라보고 있는 소년에게는 푹신푹신한 귀와 끝이 살짝 꺾인 꼬리가       번가의 고양이와 개들이 인간의 모습으로 돌아다닌다   타마와 프렌즈의 냥 멍 더블 일상을 들여다보시겠습니까 
109,거친 계절의 소녀들이여,일상,고등학교 문예부에 속한 오노데라 카즈사를 포함한 여자  명   죽기 전에 하고 싶은 일 이라는 주제에 열을 올리던 어느 날  부원 한 명이 던진 한 마디  그 순간부터  소녀들은  성 에 휘둘리기 시작한다 
